4963 4939 433
2317 521 270
3604 4288 871
601 223 871
4862 4050 274
4757 1289 261
2714 4927 508
87 71 384
353 4038 399
3299 1516 38
1043 2576 134
1851 3891 73
3284 2560 946
1554 1165 587
45 10 20
10 78 438
4778 1766 810
649 2981 860
276 2738 501
2889 1805 428
2397 2158 818
3796 458 334
4186 2853 262
2320 4704 505
1746 2989 66
1692 895 583
2279 673 349
3089 2675 682
4301 2951 773
1802 2192 578
583 4589 736
3401 4738 546
4088 3924 399
3702 1245 104
2208 2991 93
3274 4683 988
1857 3315 662
3558 1404 337
4593 2058 640
4718 212 832
296 2147 773
4384 549 511
3931 4637 436
2682 4691 33
4786 1899 376
4879 1525 411
2220 3382 726
3882 3293 483
4571 2886 541
4563 2604 105
395 4252 253
3520 4988 154
32 271 143
1820 2954 834
1205 2740 734
3581 3972 259
1992 1192 994
3719 1426 287
4554 997 525
2447 560 481
552 2307 733
2157 827 721
4311 2211 345
2454 383 299
289 1588 391
1375 169 715
3986 3514 907
4980 3585 685
619 3139 34
4144 586 946
1625 1138 605
4710 3296 433
2784 3959 996
1129 1414 380
3780 3055 968
4171 782 490
4887 4768 4
3146 1101 589
2832 1720 80
1218 2217 666
165 3842 804
2770 4905 452
2555 2689 764
4552 3818 530
3284 2598 937
3604 3121 719
4094 4360 487
4450 2507 940
3391 1691 661
471 2909 878
3137 3074 72
3294 2197 977
3098 4752 666
1862 656 836
3392 3940 786
4329 2545 908
2400 1639 620
240 2442 127
4180 833 170
4841 1305 80
4071 4442 506
2144 2736 703
121 2187 808
2140 4049 464
2976 3794 405
4115 4475 950
3375 1876 941
1995 2116 383
4475 2648 217
3645 2490 874
2077 1561 316
3584 57 405
3639 1531 592
3447 3671 993
3912 2999 139
4669 2114 615
2971 1841 843
2912 3837 311
1648 3312 959
1217 3309 801
2091 387 715
2407 323 772
3164 314 303
4756 3762 326
3102 4026 326
241 3695 792
3208 3018 634
3051 930 823
1362 3930 487
3674 147 148
3475 2238 887
1190 998 210
315 4162 525
4618 271 639
3945 3373 17
2623 4966 64
4767 3175 82
3753 1226 364
2928 3941 295
415 3967 442
3916 2442 681
2803 4985 31
2014 300 193
2891 4918 464
3882 215 189
251 4190 156
315 3958 683
4749 4063 909
113 1992 202
4408 3759 169
203 2675 964
3236 479 949
2267 3845 249
460 3088 519
277 1970 735
4818 3573 277
2974 3888 587
2009 4989 651
919 102 643
1473 863 754
4643 1066 430
1607 4302 909
3556 1569 106
2157 3381 194
676 3658 516
763 3477 89
41 2803 329
4628 4813 318
3279 2084 772
274 4909 635
1029 4552 53
811 2511 707
1072 2419 276
178 4576 658
2372 253 668
2888 2368 497
3329 2409 653
2658 2038 818
3328 1669 254
4100 3296 163
2088 677 68
1141 1488 579
849 2560 351
3477 4090 927
4487 1462 532
508 702 901
5 4031 662
10 3041 52
4828 1369 722
3082 469 370
2598 3909 399
1666 51 887
3245 2252 799
3596 2081 889
4876 1569 703
2760 2077 405
1661 3434 788
4324 3445 829
376 4625 198
4450 4060 19