788 828 162
125 490 197
882 904 159
473 651 351
175 734 172
735 30 198
89 15 442
766 298 271
284 325 242
21 959 463
246 748 143
908 225 133
957 107 390
616 933 41
468 460 127
640 547 10
691 988 25
485 754 175
756 391 1
850 412 312
813 658 60
956 918 137
942 875 97
832 492 382
725 960 342
353 952 241
363 643 229
740 480 484
416 236 375
769 439 139
81 252 149
494 561 419
483 503 146
580 335 490
314 60 302
156 765 255
249 128 250
979 869 231
815 637 319
42 758 258
33 191 11
682 685 72
953 521 427
99 453 262
90 768 174
392 276 440
647 526 68
250 857 289
981 24 278
300 66 36
59 99 228
422 133 265
346 86 138
773 537 92
887 627 212
61 20 488
353 19 366
774 269 75
63 602 99
694 903 165
730 314 116
310 88 101
928 434 39
66 207 77
10 446 56
722 507 76
63 861 448
281 635 217
357 50 320
456 744 75
974 827 389
942 489 477
44 417 263
935 836 322
364 846 268
421 921 275
497 984 488
945 617 123
15 974 26
335 431 122
262 757 449
151 699 439
480 95 208
243 383 396
917 747 243
685 168 16
312 18 352
801 963 469
276 330 444
802 665 227
777 279 484
226 430 35
517 262 483
578 857 366
474 774 113
569 459 282
585 124 300
937 925 115
259 553 446
203 708 463
282 485 243
118 711 25
653 581 140
988 159 497
354 985 272
820 555 83
102 492 207
754 782 484
721 41 38
667 596 246
983 878 231
578 996 294
603 1 375
243 342 386
93 696 372
717 516 279
152 970 271
360 724 53
196 446 446
234 465 42
332 800 272
563 378 268
210 982 122
85 577 464
824 22 12
548 739 381
827 892 351
950 604 428
856 152 226
802 387 43
697 71 344
469 987 222
590 197 56
712 634 486
528 458 8
40 6 248
773 185 492
125 488 448
905 344 100
131 498 339
174 195 411
18 665 398
593 607 95
149 319 229
635 199 40
144 591 398
744 365 84
588 842 72
36 747 268
988 878 266
328 404 314
91 775 331
489 368 438
436 517 109
17 505 308
409 1 251
808 97 116
744 685 310
816 73 57
936 61 287
554 741 192
368 832 467
551 673 187
989 461 56
450 831 61
758 240 62
362 48 159
978 792 196
141 960 269
698 896 183
486 451 424
30 171 109
997 723 134
36 64 96
592 515 427
654 625 167
68 987 68
580 318 360
128 459 173
750 157 69
433 995 372
209 25 396
818 374 471
453 410 35
901 3 402
828 9 28
347 429 367
915 361 185
628 490 496
301 240 6
222 673 1
947 234 379
843 53 253
814 858 16
201 111 19
456 939 380
984 638 161
203 906 23
741 534 13
737 835 253
595 409 278
449 356 12
328 199 417
581 365 127
597 919 238
968 375 29
700 711 168
862 914 74
385 7 460
750 745 147
355 692 56
985 141 413
849 469 464
767 403 330
246 0 249
837 321 124
366 21 335
886 235 101
312 972 109
272 74 206
419 429 398
976 414 392
241 264 361
705 383 264
535 981 117
636 818 290
760 537 163
947 423 399
401 88 223
510 360 298
716 132 79
966 460 494
358 701 110
572 406 345
188 294 178
805 930 497
447 43 386
111 342 309
362 743 249
585 253 110
883 321 242
963 288 54
809 998 255
271 570 13
468 759 307
646 916 90
995 364 133
881 475 475
543 837 71
292 774 324
754 658 146
348 973 286
402 134 284
157 757 355
671 577 466
830 223 382
920 571 246
405 804 73
233 347 410
804 992 37
628 98 195
126 447 20
264 849 6
49 359 115
756 382 192
574 564 267
956 485 338
55 242 143
628 475 342
391 279 334
928 260 433
475 386 232
347 651 433
353 52 144
820 160 26
512 734 443
779 690 280
618 97 22
613 726 498
955 469 277
642 397 389
427 224 276
659 571 279
444 276 183
589 96 343
467 608 429
910 739 471
190 357 69
713 322 295
63 278 264
340 272 13
230 699 237
858 710 308
489 154 436
172 95 32
367 563 140
296 473 379
267 16 89
336 729 263
483 792 41
99 484 165
112 66 216
701 276 426
861 765 433
297 289 28
829 656 91
321 304 417
553 572 433
142 260 14
405 744 158
299 195 494
816 308 413
33 361 189
311 223 307
96 520 96
625 350 105
68 671 261
337 224 185
270 718 446
636 476 42
146 127 237
141 943 397
554 328 259
595 640 334
402 736 354
851 713 204
308 782 228
69 119 304
755 742 23
701 730 499
95 877 126
684 18 421
934 924 250
193 519 390
379 922 478
733 125 192
790 433 326
518 502 445
822 257 39
197 310 270
48 757 499
674 442 369
948 376 293
198 921 164
440 300 86
770 33 63
462 175 496
288 693 499
586 868 108
977 65 271
99 114 28
98 140 322
467 88 198
760 638 471
925 430 271
363 201 157
279 15 332
275 304 378
126 242 246
587 571 163
358 671 277
238 769 418
561 237 358
611 349 349
583 626 279
206 342 332
863 621 348
48 248 4
926 375 246
24 962 169
187 672 340
465 262 462
235 823 199
445 787 400
294 370 379
926 576 221
758 792 194
606 840 442
110 118 169
208 494 131
230 681 155
570 498 418
32 85 93
83 531 380
836 177 102
215 103 179
288 214 471
982 820 163
924 283 133
594 843 127
577 73 308
585 644 159
855 28 244
948 112 127
181 948 305
783 515 408
962 803 122
285 785 295
800 61 430
433 7 273
560 937 199
721 874 195
732 729 223
476 29 187
104 210 135
909 994 150
169 308 305
644 946 442
291 746 4
221 532 363
346 92 152
545 165 26
740 897 255
964 726 285
651 830 347
639 91 341
141 612 2
447 608 448
889 899 194
745 120 226
961 467 171
113 12 188
492 105 438
599 69 164
736 72 346
84 711 289
425 205 401
427 652 10
375 893 409
422 991 382
0 952 201
23 417 65
212 909 170
650 861 91
166 597 164
512 681 375
301 459 432
702 886 84
64 614 330
326 388 321
60 388 125
261 412 394
178 976 156
849 978 17
940 144 114
104 656 296
332 309 255
764 363 493
201 428 459
883 106 347
204 166 88
181 779 352
575 957 180
231 806 158
748 99 302
215 555 310
363 239 119
618 356 334
463 557 262
275 440 220
474 996 386
62 529 165
766 104 123
446 688 281
104 788 380
258 3 288
68 366 27
539 336 383
374 152 292
988 427 84
709 901 80
947 316 461
965 82 66
940 881 254
721 985 394
954 596 398
94 16 116
121 556 305
857 282 457
149 270 236
234 331 137
666 631 453
628 596 388
46 536 269
152 609 106
46 915 54
296 9 71
913 483 127
570 340 409
27 489 31
263 75 363
752 94 494
558 722 442
446 120 330
567 272 439
25 670 207
80 967 68
151 232 51
778 802 391
39 181 233
570 796 160
785 900 254
631 458 328
73 256 448
403 823 72
695 201 243
902 281 62
470 432 294
874 562 448
265 601 129
850 523 277
511 661 177
617 292 136
446 366 244
746 121 68
671 816 269
266 70 402
828 893 334
974 767 248
922 384 201
403 235 224
680 98 385
209 67 30
197 865 248
442 964 369
862 635 38
483 901 460
385 81 353
71 55 120
319 329 357
520 732 92
244 764 42
982 973 461
12 523 327
760 965 291
981 827 426
371 310 179
832 47 260
185 118 315
658 437 144
515 957 228
959 553 492
501 887 317
462 899 340
641 11 157
432 345 336
210 716 146
889 548 45
649 86 163
816 744 100
312 259 409
892 570 315
236 423 202
554 237 454
746 879 465
256 311 162
592 522 231
591 763 279
636 765 217
152 581 461
752 246 72
14 138 494
829 375 417
531 281 155
837 379 34
803 987 197
817 580 219
548 171 335
180 159 100
897 311 33
711 416 279
135 430 270
130 611 497
547 494 278
202 332 9
88 487 497
286 304 429
357 205 100
192 385 111
792 634 423
326 345 339
457 481 121
727 963 84
724 510 78
354 65 262
716 153 249
713 791 406
642 149 111
94 341 496
705 486 130
980 812 328
671 621 161
144 349 124
228 73 486
807 780 403
69 496 409
171 561 200
577 555 349
540 649 43
888 706 381
870 39 45
198 710 166
359 855 15
835 435 441
822 594 73
225 16 69
134 187 130
187 116 185
388 656 186
283 544 244
664 414 283
209 613 346
728 324 53
243 160 488
536 334 83
609 911 99
530 398 138
660 585 254
697 325 410
383 609 454
128 273 220
263 835 333
109 563 10
162 158 22
3 695 208
86 656 119
537 187 369
175 199 454
929 897 132
339 632 241
645 112 14
365 376 349
51 837 264
413 352 423
935 355 470
143 793 126
614 330 165
484 505 365
290 434 114
422 125 246
163 122 359
530 487 87
731 890 424
496 303 276
771 590 483
741 733 276
719 348 106
885 184 463
602 474 397
216 249 374
462 412 496
173 942 336
260 26 226
537 522 382
165 293 472
149 386 58
277 105 258
736 342 442
699 944 416
449 512 165
323 975 430
672 500 224
508 761 250
586 298 124
320 463 269
293 964 155
351 242 113
109 978 455
403 29 252
171 478 264
837 802 91
619 474 92
343 334 353
446 272 3
422 593 318
692 886 283
699 589 377
812 50 207
620 805 236
372 976 215
636 165 369
580 784 195
672 480 29
877 278 301
380 700 246
50 744 484
685 796 73
562 960 475
121 580 280
710 304 109
425 293 274
646 873 411
341 545 391
722 422 21
375 154 221
622 204 318
106 890 114
532 804 74
359 926 7
992 636 311
601 413 456
375 411 329
286 752 226
29 826 0
50 553 154
124 175 211
942 634 101
908 518 257
834 877 183
341 869 171
505 822 436
313 550 347
995 836 451
221 218 277
574 620 183
80 744 358
791 38 344
744 298 362
502 133 240
537 826 461
561 331 284
997 997 334
845 992 22
148 213 92
278 139 213
961 220 309
171 363 200
16 108 498
378 962 483
970 499 310
784 412 493
68 410 490
254 607 482
628 755 48
221 385 187
434 346 259
95 518 123
795 886 83
146 616 45
629 587 396
291 371 309
637 791 71
627 397 178
962 25 285
862 246 171
901 32 369
161 128 387
136 923 125
219 421 242
616 403 181
864 694 404
525 331 47
596 311 444
626 625 469
412 487 216
935 388 248
804 901 376
192 37 152
169 608 425
411 576 328
944 441 23
848 966 206
895 915 369
691 541 494
161 953 333
877 240 74
977 45 475
206 589 365
358 758 325
283 170 402
964 466 195
339 667 13
397 562 428
767 606 322
113 767 127
299 996 368
873 973 413
700 179 2
917 889 260
743 525 282
497 489 249
44 180 416
557 577 330
338 344 436
660 810 55
287 109 51
155 334 377
68 34 408
922 952 150
183 47 27
317 896 368
566 940 48
834 849 125
17 539 322
805 199 132
361 839 93
264 346 427
493 767 313
902 689 117
904 224 164
431 542 412
799 460 352
347 295 54
824 664 93
646 469 293
630 830 484
723 447 330
502 940 97
316 194 139
433 98 363
950 529 257
362 328 218
715 27 365
269 852 29
362 498 498
7 129 181
843 204 480
674 707 420
623 23 115
614 808 213
478 758 95
235 121 275
805 836 303
670 457 155
551 171 5
550 531 486
83 374 43
63 400 250
335 376 125
450 990 433
16 820 192
463 408 165
238 213 353
41 236 310
48 787 333
906 337 364
892 772 91
435 835 491
37 171 219
14 973 210
448 341 30
992 804 438
657 43 4
510 436 240
172 485 27
357 391 365
74 635 489
165 423 325
8 812 348
228 827 173
790 275 15
820 619 171
611 628 214
615 138 151
855 662 488
882 371 231
599 445 366
89 962 289
766 323 454
966 903 281
139 693 56
6 865 27
678 476 155
392 443 145
895 298 307
883 181 30
966 132 476
333 221 290
474 339 113
428 305 16
209 445 209
617 803 427
644 481 403
651 226 347
796 121 497
955 357 30
486 323 163
814 8 236
104 835 428
718 263 233
234 825 30
796 794 334
575 791 315
830 442 41
529 239 15
527 546 224
409 32 399
72 846 408
661 951 243
589 21 358
174 607 183
205 755 478
391 330 121
58 161 63
600 690 302
967 569 349
691 979 233
442 403 432
850 416 235
445 5 256
304 180 363
339 737 119
169 128 301
790 186 314
854 138 5
508 457 426
709 500 405
295 943 161
727 793 77
462 239 435
218 895 467
933 586 204
404 756 184
206 898 222
520 752 213
877 613 170
156 674 171
413 969 114
74 696 259
152 510 350
587 80 97
554 14 184
610 770 440
146 328 338
868 201 443
81 78 56
104 586 82
275 0 52
741 74 100
0 578 111
203 517 191
300 71 57
984 33 328
424 179 8
115 48 209
558 481 288
966 585 226
48 860 226
452 953 301
553 954 379
516 157 397
559 457 320
969 794 206
797 218 385
305 685 285
367 595 267
507 561 204
233 962 417
960 766 370
113 319 176
844 187 333
93 747 143
414 716 289
472 865 7
357 522 45
643 889 140
762 396 54
466 630 368
383 942 134
606 55 306
782 899 493
468 993 92
611 759 308
900 231 25
759 940 48
656 935 289
797 697 186
203 516 168
571 251 110
705 857 17
863 640 416
857 108 261
949 71 20
110 323 103
135 434 44
35 91 479
177 240 29
715 795 397
883 366 148
345 423 358
862 287 498
630 496 458
392 797 381
912 259 56
368 747 490
412 134 433
391 311 25
772 26 320
669 261 38
818 958 314
176 820 101
526 803 449
336 195 98
569 459 358
125 827 457
115 239 91
901 983 403
278 107 281
99 777 43
989 947 1
303 475 174
256 353 477
57 689 24
656 258 483
866 383 163
823 850 254
266 103 237
669 382 197
803 833 474
846 174 421
199 478 396
725 734 249
702 792 290
578 800 400
562 666 135
725 841 485
831 107 441
921 129 175
118 932 8
92 130 182
365 681 12
113 407 247
214 109 391
4 40 191
404 602 209
539 679 50
876 510 157
669 431 138
844 901 70
204 993 52
739 358 234
751 471 141
850 685 102
741 41 142
784 797 96
493 688 127
395 917 490
53 586 421
191 431 323
614 635 168
166 374 379
752 478 202
393 328 388
848 422 281
990 206 79
87 52 119
214 447 36
204 852 123
978 396 406
653 362 393
673 528 120
52 633 98
255 26 426
495 874 348
128 217 407
559 656 311
679 222 258
67 779 463
690 757 359
448 762 221
842 787 101
962 840 234
912 447 113
838 294 339
539 422 56
798 982 212
109 661 435
219 728 214
534 771 323
893 571 437
966 765 224
920 727 416
506 991 363
119 182 157
959 721 80
367 871 414
80 332 75
367 903 155
81 438 278
256 683 350
193 2 115
917 922 195
834 780 186
549 900 368
559 211 441
991 930 164
405 10 496
480 377 252
987 810 42
266 66 225
468 259 79
83 529 353
778 715 134
817 616 386
685 175 449
979 166 379
143 571 242
992 403 471
744 391 282
638 9 200
863 477 460
795 912 341
648 43 408
634 860 24
520 897 200
321 876 218
701 372 290
443 364 193
914 460 436
548 98 297
249 313 126
561 108 39
754 109 82
662 743 294
186 264 191
238 585 420
457 638 292
247 433 8
792 700 468
81 248 418
730 849 231
857 410 192
248 164 301
682 178 396
976 365 12
519 955 450
939 412 88
83 11 22
591 156 74
559 589 322
977 671 172
61 528 434
605 128 451
906 162 129
302 138 346
315 10 154
265 949 66
205 33 430
579 976 438
653 536 27
328 865 198
500 278 79
786 883 59
589 141 222
571 796 212
917 463 222
571 728 24
990 285 409
772 865 385
710 870 273
589 198 491
139 50 269
570 837 5
482 778 146
204 349 442
768 267 405
343 190 485
867 532 123
128 656 488
13 718 210
139 659 409
130 799 459
751 721 148
256 203 427
903 759 276
697 528 395
603 223 438
940 90 322
563 570 331
403 935 49
114 74 209
23 204 360
334 956 433
835 212 137
762 467 248
390 165 128
638 120 351
428 60 293
102 976 363
433 379 299
483 845 225
544 220 282
756 907 90
689 742 154
178 856 122
427 598 139
555 236 259
259 16 171
404 119 147
768 904 379
419 739 76
496 283 297
778 39 56
368 729 298
523 907 154
145 686 252
284 594 341
895 853 209
918 257 328
918 377 85
297 148 324
225 645 108
374 423 499
430 792 80
228 667 340
234 812 26
839 448 120
680 695 325
241 613 435
570 531 164
507 180 313
831 406 310
791 780 85
791 211 377
223 791 396
563 26 208
942 865 8
914 897 203
92 138 169
527 60 200
43 567 233
708 751 139
18 542 271
104 685 334
333 909 478
230 824 4
290 766 221
151 33 118
354 125 108
875 4 169
928 47 88
161 756 339
152 126 382
275 582 419
610 916 328
88 498 5
944 140 123
17 291 156
635 998 281
95 873 285
616 801 333
705 314 441
896 466 67
630 742 150
50 704 418
730 144 268
235 440 408
859 457 200
515 444 198
297 539 423
434 156 225
619 213 39
560 109 358
980 740 100
630 142 156
900 872 300
668 108 240
576 319 49
776 834 493
326 483 384
750 270 392
327 889 105
866 450 67
224 430 159
676 412 301
832 312 25
484 332 485
576 908 304
125 37 491
470 715 474
355 465 96
747 792 486
705 11 436
772 587 218
931 616 482
584 800 146
109 637 478
95 213 238
751 691 127
242 513 343
569 868 160
165 968 305
651 673 316
939 445 255
9 728 223
843 664 24
989 125 161
467 572 226
558 324 269
685 918 283
528 487 151
189 5 119
346 8 144
162 948 441
269 309 21
993 153 185
869 142 163
30 962 235
108 520 411
878 557 330
161 438 169
664 979 174
784 325 183
280 839 483
222 108 292
243 453 297
281 322 292
444 704 254
531 813 126
943 691 35
273 204 473
442 868 452
969 4 277
152 285 116
635 507 77
779 750 30
77 383 353
869 827 57
975 359 370
601 654 413
136 927 117
462 721 486
414 690 490
44 194 275
160 829 134
737 609 237
120 38 120
473 907 448
882 882 159
105 835 313
18 323 92
488 785 165
826 552 208
816 596 402
444 108 232
578 846 193
815 318 83
788 791 490
236 25 224
747 130 411
560 501 234
4 989 372
169 815 424
377 983 20
780 779 128
364 710 326
909 525 144
492 313 287
334 901 165
58 648 295
321 560 148
555 564 489
927 86 156
203 463 140
75 595 271
704 959 481
882 220 7
379 712 172
18 398 426
683 808 426
831 129 339
479 685 403
469 964 489
625 520 305
117 595 400
389 651 212
370 534 432
229 265 497
754 283 395
180 319 204
958 150 333
297 981 370
553 802 187
542 780 207
699 897 302
100 638 454
164 361 340
96 590 457
93 696 240
841 876 411
45 187 413
730 484 395
101 37 49
140 932 329
347 631 79
501 83 217
307 247 430
647 344 21
604 789 217
197 630 446
460 27 485
874 758 469
621 211 359
522 351 291
852 698 274
783 199 358
0 507 457
931 506 301
804 463 443
373 12 425
171 472 453
156 698 211
978 319 422
837 194 273
628 46 323
402 829 374
612 181 233
70 464 240
223 620 55
166 994 67
444 517 39
397 26 238
460 4 409
382 841 103
7 821 1
682 223 182
556 188 364
290 258 180
882 481 301
937 0 147
4 444 164
895 193 190
133 653 46
395 387 239
850 394 60
704 428 136
386 984 324
602 626 82
283 508 415
584 445 267
231 449 211
747 345 256
290 830 409
836 577 296
576 780 42
488 484 470
624 870 307
948 473 433
882 108 442
650 692 387
417 275 189
981 22 34
89 664 216
499 853 294
647 781 74
542 269 410
512 894 132
171 194 457
105 429 65
899 431 257
138 200 32
827 533 407
213 623 423
782 122 276
928 121 57
854 663 179
264 528 73
896 699 119
354 156 400
919 407 183
529 546 384
413 725 417
672 291 392
596 73 366
372 1 488
282 855 151
461 471 179
886 719 231
857 73 239
610 345 147
793 226 193
177 639 270
447 664 61
339 260 486
706 984 339
546 266 46
49 79 17
81 317 89
812 175 14
51 785 359
50 578 437
595 108 77
866 555 93
779 246 353
766 304 337
457 850 456
4 900 387
373 981 205
462 145 232
977 548 17
188 599 447
626 194 55
55 60 462
148 840 209
853 958 365
542 767 216
498 771 468
238 497 301
943 311 446
175 288 494
544 829 93
491 807 288
899 214 200
861 362 392
422 567 202
288 109 470
356 960 241
676 198 90
977 493 402
423 20 42
769 564 371
363 407 30
503 658 244
703 872 458
448 294 25
150 934 487
620 642 447
214 318 497
304 647 490
706 70 362
101 840 278
324 555 185
355 410 196
951 465 68
910 913 214
787 64 149
774 684 143
73 898 314
570 555 461
912 613 384
274 714 76
552 39 131
590 394 41
286 697 6
206 607 272
420 395 336
921 521 372
65 595 123
231 165 178
692 78 291
928 704 6
4 609 397
987 199 143
28 837 340
887 395 448
659 815 195
847 737 68
719 154 163
194 385 329
872 429 259
516 358 315
874 714 424
271 702 475
766 82 312
606 969 59
406 980 375
953 179 464
22 251 118
685 445 355
866 670 136
477 186 346
793 412 61
717 683 263
193 801 345
857 407 167
917 814 147
144 767 327
108 789 430
578 827 375
433 693 45
421 523 83
768 316 495
829 385 30
592 578 331
437 788 239
956 57 405
104 201 24
783 309 314
713 239 493
440 24 38
486 445 61
69 213 377
417 394 263
447 986 193
279 776 333
870 732 390
275 188 91
799 323 252
465 388 343
310 829 367
849 667 313
910 88 378
640 505 273
403 953 111
448 584 239
282 454 324
524 81 364
968 232 188
72 698 428
416 8 109
783 209 128
948 120 217
679 760 74
804 515 379
915 315 463
507 949 269
831 474 350
695 442 83
235 514 133
516 282 493
977 418 203
106 718 175
323 397 287
397 201 154
777 469 469
92 976 419
862 807 245
64 854 187
499 442 53
632 310 188
478 287 106
533 393 324
708 68 74
347 818 275
501 595 244
970 39 72
741 253 231
986 318 86
25 817 380
931 802 190
119 280 477
77 165 223
401 225 291
475 572 109
103 73 56
199 43 96
272 785 349
503 771 167
941 149 337
173 80 139
363 199 271
193 276 288
416 29 13
707 857 85
817 960 158
225 159 201
321 783 338
23 287 462
690 580 111
879 754 191
870 469 242
141 14 18
281 430 47
294 490 256
879 659 216
537 884 228
591 206 11
781 229 150
95 271 83
206 503 337
749 373 158
843 867 173
861 148 455
261 443 445
517 674 104
86 212 489
814 155 47
677 288 128
828 384 251
911 942 254
100 44 128
758 887 347
783 749 495
239 362 290
184 231 465
141 317 177
982 483 184
29 161 472
9 341 208
260 604 151
367 56 195
847 166 82
194 950 183
689 189 397
980 725 481
945 866 150
474 848 134
510 229 147
834 590 340
543 203 296
546 570 352
593 417 18
527 611 320
563 652 9
960 632 87
941 929 453
944 755 154
78 265 235
77 452 326
769 347 29
65 893 451
769 838 368
287 365 331
460 928 483
821 241 468
908 534 397
214 478 5
368 908 122
103 985 74
781 754 273
662 171 166
113 940 356
333 580 222
164 40 2
648 861 243
468 122 130
865 336 108
722 56 17
845 511 354
771 293 461
397 307 132
563 421 73
272 754 5
994 271 45
348 919 258
592 387 380
722 604 68
682 679 124
199 876 136
406 999 281
367 396 88
499 312 9
924 584 116
281 930 387
326 278 158
937 870 397
669 944 353
90 627 32
214 178 408
202 584 408
483 951 304
72 803 116
433 79 52
549 361 482
288 39 261
946 328 131
343 998 428
697 88 407
81 654 85
342 857 22
250 340 325
906 412 480
875 846 60
427 747 273
910 36 312
671 334 141
654 678 491
934 727 431
841 160 85
279 502 442
301 752 135
626 11 47
459 886 245
19 665 493
292 927 381
956 598 215
949 605 245
940 891 324
371 733 485
809 12 487
751 665 92
386 643 103
786 102 341
383 121 6
728 765 286
109 74 236
177 23 341
922 964 233
747 687 318
732 496 182
571 600 347
163 338 490
118 124 445
959 508 418
818 236 184
604 698 110
692 875 133
34 797 449
619 896 489
289 980 337
971 552 437
670 67 276
12 186 252
457 497 112
376 667 349
412 623 399
522 316 274
655 702 423
457 321 320
946 962 152
283 285 56
573 955 124
849 967 162
953 777 159
566 153 327
767 917 302
666 439 118
792 446 320
715 255 493
887 201 455
40 837 240
96 410 47
572 611 15
234 916 144
746 482 297
573 601 66
375 619 5
846 411 303
666 127 59
160 366 260
615 758 449
708 855 359
755 779 322
122 14 239
266 760 73
915 685 175
833 412 294
838 258 206
642 925 185
53 437 403
665 404 162
115 112 369
326 220 148
149 694 162
240 313 274
813 580 459
340 414 224
487 252 482
45 246 259
730 651 196
485 317 101
647 432 65
16 110 137
165 611 332
679 851 145
954 17 225
265 357 491
989 844 244
324 889 342
583 971 494
632 809 163
733 456 95
650 825 205
788 342 169
620 21 20
117 327 389
194 945 247
686 934 443
782 258 185
476 194 8
822 826 317
485 911 126
932 561 451
490 701 293
659 673 166
679 790 346
69 337 291
168 23 225
463 805 336
0 281 30
509 104 208
178 589 119
304 522 32
607 12 234
900 671 407
919 702 50
265 123 387
556 291 262
133 107 67
969 107 200
351 616 304
559 795 246
30 451 120
63 59 484
149 311 7
908 230 209
458 847 333
697 403 476
959 537 83
378 858 191
79 562 159
235 121 306
981 152 258
953 567 169
937 716 480
944 976 63
6 787 410
191 484 166
667 796 55
603 174 413
646 605 475
657 841 449
464 174 453
74 128 372
743 417 440
75 362 416
638 720 203
401 911 188
567 930 336
622 533 10
887 531 116
715 189 309
16 5 483
821 79 463
193 174 381
633 601 95
49 592 315
605 993 226
293 912 156
481 886 42
843 125 73
459 840 262
620 208 119
604 29 198
419 574 224
300 207 326
895 609 418
210 214 263
788 859 175
945 340 61
987 183 186
912 995 379
27 967 87
146 571 469
697 991 43
421 643 103
99 539 212
369 101 278
632 890 137
159 835 329
220 174 364
759 86 211
138 113 179
77 612 102
398 309 445
942 82 89
397 182 128
109 551 81
739 536 471
228 695 158
57 916 332
773 27 271
485 517 236
164 946 348
766 345 157
712 639 240
653 36 274
133 497 325
714 236 361
186 816 409
844 225 177
29 998 204
300 835 221
36 999 167
737 118 364
394 182 3
486 835 391
760 320 388
938 34 476
651 572 292
60 417 369
737 798 368
793 98 203
366 486 55
886 223 25
750 970 59
606 456 394
497 569 66
238 859 100
214 510 173
359 923 442
728 12 240
448 158 190
652 524 176
559 410 400
584 161 222
495 119 30
889 616 451
955 854 310
407 421 173
80 132 448
874 860 460
114 309 118
804 313 495
333 224 405
733 160 418
807 655 37
337 896 6
789 203 212
451 610 485
624 43 117
72 917 330
885 384 491
855 540 156
350 873 380
256 958 392
26 765 47
916 455 295
422 244 498
486 695 460
972 672 355
589 96 125
419 981 9
262 837 49
418 539 423
798 795 233
690 174 499
589 90 454
384 864 50
734 350 97
695 322 269
50 264 366
675 35 199
36 298 388
938 716 428
713 867 75
446 909 249
297 851 339
251 587 203
153 322 406
751 369 228
372 771 344
738 799 380
790 835 178
678 125 246
106 838 465
682 637 375
783 934 78
975 186 165
30 691 487
436 442 208
517 815 480
861 905 279
241 695 466
271 726 92
370 832 282
335 866 419
562 2 354
640 977 392
658 7 83
645 444 378
354 313 193
186 174 450
465 768 498
283 391 224
227 761 408
10 449 127
429 363 129
135 356 106
27 14 465
963 11 261
341 717 74
886 903 101
336 720 369
834 4 260
58 231 374
819 593 175
446 23 390
75 510 246
33 890 260
998 853 272
112 546 341
186 432 245
787 120 465
156 955 321
269 365 53
495 184 146
522 982 21
912 409 384
659 442 274
771 793 479
895 905 25
737 91 309
482 231 429
299 739 236
121 8 454
526 855 490
524 377 473
898 290 382
782 301 177
556 424 470
887 320 227
412 409 170
73 891 401
854 542 141
591 663 1
45 189 209
387 66 86
360 964 228
95 746 381
272 654 306
594 541 126
821 305 35
491 378 278
745 232 172
386 175 336
739 572 377
948 960 443
887 672 407
115 767 5
997 391 159
303 985 200
281 158 5
668 2 383
298 747 468
470 485 143
658 224 68
36 173 28
831 60 52
591 527 320
96 524 211
256 179 49
956 812 59
314 480 61
697 778 308
17 601 293
161 259 18
581 647 43
609 831 455
661 422 482
833 518 359
397 126 390
298 435 203
357 749 35
419 446 166
579 816 267
225 329 378
95 910 378
138 871 209
945 884 131
927 718 1
138 467 128
881 765 415
84 122 164
471 893 462
637 473 278
756 698 107
487 793 17
865 283 388
74 228 125
57 507 343
558 998 162
538 879 427
305 315 401
469 138 295
432 776 120
562 884 170
670 371 315
39 588 450
280 662 30
405 71 389
600 982 387
262 872 118
689 178 285
590 647 424
737 431 52
709 994 436
379 664 160
546 703 100
996 335 263
26 740 186
916 340 168
155 602 41
274 643 219
411 586 366
335 675 298
387 385 144
676 116 308
688 663 363
288 11 199
903 38 439
590 306 132
258 813 86
799 439 230
870 851 316
589 186 491
387 926 228
531 954 345
691 642 8
906 930 19
105 186 409
397 776 67
381 34 233
967 186 172
197 56 23
365 645 62
209 384 340
437 267 294
782 310 288
142 217 218
514 674 404
275 423 32
695 804 419
928 772 457
600 321 365
476 39 363
890 248 247
582 685 367
876 820 29
164 314 246
734 180 273
491 808 196
23 503 353
294 431 477
751 383 298
617 211 337
480 453 437
79 387 475
298 615 295
828 779 461
926 866 142
699 709 302
248 84 305
601 379 88
78 130 323
228 99 387
418 579 192
855 659 80
330 957 195
977 137 327
939 64 193
433 115 254
735 363 338
892 316 69
480 746 52
155 975 151
42 393 231
735 248 242
815 579 51
510 556 189
337 847 105
382 632 220
488 367 84
327 259 400
248 91 499
300 247 474
452 289 219
535 376 467
277 191 398
680 54 307
221 743 6
826 478 139
547 966 6
631 645 118
383 894 61
882 194 308
708 646 450
927 533 326
747 162 370
497 843 424
156 64 167
663 243 145
802 790 464
660 773 109
130 508 355
692 743 50
852 451 48
302 731 82
481 830 244
851 327 439
275 836 356
794 851 99
792 653 389
108 665 14
717 148 22
573 192 265
975 396 217
23 699 300
957 532 130
54 383 309
993 10 145
701 156 496
300 948 1
41 56 19
555 126 19
578 51 211
343 26 107
912 401 158
212 359 42
694 413 425
504 758 287
501 460 444
350 760 244
203 154 153
722 709 131
93 287 182
656 983 208
616 247 109
274 460 320
169 154 85
446 10 344
734 512 304
530 214 416
626 417 70
779 492 132
410 585 271
444 242 254
152 858 2
614 484 314
786 653 320
372 452 331
716 186 195
872 68 409
788 694 326
211 826 318
343 588 256
114 33 498
221 537 208
575 503 44
741 290 198
61 662 2
744 730 188
939 602 108
700 742 154
527 953 332
197 648 421
453 115 454
303 336 343
11 263 347
556 4 137
106 417 151
108 162 381
648 453 483
608 154 225
262 33 31
95 230 179
868 36 294
674 339 482
17 703 97
216 611 453
353 69 371
856 529 385
737 529 338
572 137 492
150 751 377
681 198 108
860 418 496
507 92 187
489 462 390
439 678 353
392 384 422
763 240 303
0 330 332
339 902 321
183 52 425
61 85 475
521 298 394
369 805 338
556 646 152
447 85 331
652 830 67
927 945 307
730 946 137
415 637 392
588 820 296
513 233 234
341 106 32
587 475 189
277 32 187
430 831 125
261 835 455
828 762 400
987 493 346
477 260 335
221 848 156
17 714 241
603 407 200
135 994 175
176 271 59
864 701 242
989 314 78
944 494 340
196 834 185
395 311 297
230 532 498
238 901 212
832 857 471
532 992 465
59 169 88
971 33 142
713 374 456
291 670 303
984 866 137
521 613 448
671 196 332
669 434 85
381 266 442
852 150 287
669 210 308
757 181 193
251 246 67
708 890 237
363 226 455
500 747 69
300 418 265
984 87 51
921 820 170
364 24 320
503 45 382
811 155 415
504 406 162
571 466 404
660 829 130
615 681 229
536 981 0
653 965 87
557 887 260
727 603 136
399 106 182
634 269 189
49 773 95
63 696 62
319 356 243
449 323 425
679 212 258
679 865 76
118 422 463
730 501 418
719 253 376
753 887 145
942 288 418
537 704 466
951 23 322
547 825 145
472 504 209
82 535 75
658 5 349
473 88 203
891 807 456
119 912 343
264 854 483
534 743 187
500 695 211
174 594 36
172 418 392
381 500 279
808 159 136
10 632 76
713 876 235
669 995 147
864 612 1
347 498 245
887 351 292
98 525 238
486 49 156
730 431 156
509 591 315
997 601 300
574 314 28
309 335 375
957 551 487
810 899 338
407 786 189
51 236 66
289 74 468
945 804 251
102 665 342
769 662 444
421 236 110
949 546 446
825 855 497
664 665 248
354 425 386
43 476 474
962 766 48
930 711 352
681 165 17
23 287 32
319 708 268
930 10 166
228 187 21
77 203 39
826 558 464
64 601 292
539 915 58
439 845 122
144 878 139
513 254 426
545 573 487
814 855 349
332 83 36
354 161 239
745 339 149
561 755 251
853 294 18
264 86 216
386 230 94
377 743 200
656 289 126
643 455 481
344 787 417
232 493 430
323 238 121
973 151 376
576 5 23
94 621 109
810 359 339
757 736 434
957 392 223
435 387 30
769 731 318
538 315 163
468 639 254
441 612 405
817 540 262
192 634 383
301 797 242
992 554 331
427 863 223
150 299 111
33 420 194
703 958 10
866 778 1
620 219 465
878 388 5
140 581 139
376 234 436
970 227 342
301 654 58
25 156 209
488 189 129
34 892 87
896 111 365
397 731 436
214 609 176
219 102 109
211 478 344
999 448 71
342 102 77
900 127 233
109 967 423
90 1 167
677 898 278
394 647 362
682 862 323
358 81 425
968 644 255
164 644 56
235 338 158
312 238 285
897 699 104
672 141 105
340 170 355
470 564 3
332 598 217
156 308 298
433 276 295
189 792 439
97 27 277
755 691 367
892 941 418
996 613 59
101 305 229
457 128 145
812 460 243
29 968 51
679 754 180
974 295 472
913 392 352
542 147 395
409 39 336
679 35 450
738 488 107
319 297 235
464 461 48
559 490 16
963 522 122
995 496 417
467 762 309
671 656 308
567 418 347
403 97 234
205 188 75
313 859 224
548 676 186
596 235 28
965 550 50
439 545 399
857 13 161
18 684 169
327 603 87
26 7 185
113 564 225
40 877 84
264 778 260
950 726 348
479 691 398
529 483 444
428 340 309
441 710 345
111 37 449
198 416 308
735 881 372
812 921 250
397 185 28
9 136 106
857 967 150
256 848 133
552 629 325
861 70 35
206 533 425
507 84 341
815 171 74
688 984 495
438 733 180
318 742 168
924 600 487
574 856 336
59 408 465
884 621 387
420 179 421
345 687 357
38 502 28
612 190 364
107 980 97
139 298 340
660 575 440
147 501 148
483 561 408
800 797 29
188 217 208
461 914 247
818 952 250
698 916 440
563 375 421
160 867 71
852 527 498
792 674 0
292 510 413
200 310 210
81 850 280
142 311 194
889 481 499
139 532 415
580 95 143
353 607 10
424 460 37
775 604 63
275 897 73
40 449 236
602 531 86
382 673 250
77 562 231
428 702 115
695 634 62
338 339 170
200 115 482
589 890 438
653 517 335
226 557 137
462 160 168
901 894 341
651 323 255
234 751 309
350 447 295
912 137 134
82 690 250
416 279 140
355 932 10
542 511 67
179 325 79
699 226 474
892 877 149
648 112 253
457 462 52
253 374 189
739 809 379
989 577 159
482 284 443
492 179 454
411 358 280
843 410 358
169 302 236
818 950 200
571 760 14
123 365 388
165 104 49
896 446 479
555 280 263
851 772 442
305 535 153
437 378 63
796 547 365
384 718 168
84 289 428
598 765 293
838 930 397
240 826 343
219 734 475
482 585 247
925 242 135
78 32 365
993 828 413
858 212 483
26 648 124
954 598 389
599 436 171
349 676 498
544 895 84
20 730 169
619 655 263
754 85 295
620 78 475
385 288 39
868 315 187
344 621 285
234 221 74
405 922 102
755 466 498
839 486 80
860 106 87
124 860 172
419 832 102
247 569 390
286 437 205
974 134 179
611 368 252
37 125 174
140 881 140
490 720 127
570 581 85
657 57 445
181 476 130
783 75 199
673 362 489
231 688 123
410 299 491
514 337 116
188 829 349
680 319 70
659 889 3
744 898 60
42 79 388
172 862 464
223 887 326
712 118 14
335 880 165
678 746 354
147 934 183
496 967 354
918 978 95
273 723 493
333 117 72
222 641 286
538 864 174
216 577 144
582 264 377
247 295 123
954 794 410
489 642 377
344 561 355
791 834 430
785 520 47
209 94 188
848 632 405
22 848 334
18 430 98
895 29 245
519 983 39
429 825 182
658 521 243
865 312 429
796 449 449
195 659 43
236 507 27
141 881 375
975 899 157
425 795 187
171 666 22
710 95 199
244 105 220
339 970 385
269 766 334
70 962 345
966 550 352
493 691 85
221 666 485
378 443 132
917 614 150
792 677 97
491 921 202
64 613 172
949 882 291
635 304 105
981 270 155
833 116 346
271 689 364
256 67 307
740 337 274
242 481 303
839 972 76
541 388 189
565 689 423
708 325 228
813 306 350
468 491 318
166 762 7
882 370 427
42 462 264
816 704 97
971 543 69
47 436 310
737 354 499
660 62 324
240 876 482
91 696 474
409 215 236
769 97 459
196 139 421
312 307 126
909 630 21
830 678 310
140 415 164
492 427 226
816 668 454
799 111 3
625 872 218
213 641 167
172 189 159
946 501 466
424 762 97
445 593 127
607 85 394
771 577 321
350 746 341
156 545 304
659 522 177
729 735 170
897 260 360
556 206 361
874 982 124
823 779 69
450 387 154
196 510 232
18 860 478
211 369 375
516 28 249
45 758 484
215 7 96
575 563 154
789 789 136
765 613 416
334 415 303
340 612 313
924 982 26
254 193 247
481 61 275
230 106 385
67 674 392
163 249 307
170 390 97
806 155 62
222 841 477
377 182 441
43 458 423
921 713 469
168 194 382
795 777 341
181 844 15
925 359 116
585 529 359
34 688 366
96 910 208
925 640 242
367 683 200
142 956 413
463 124 460
198 271 237
39 452 433
906 730 292
374 315 174
233 349 362
952 797 124
160 722 264
902 441 299
454 936 107
720 751 83
532 949 355
769 340 307
554 598 389
346 973 56
372 558 405
734 510 54
711 22 129
327 276 422
979 731 358
586 803 462
670 335 263
25 456 104
184 10 202
74 708 27
630 433 438
888 519 448
294 230 323
423 558 99
346 537 182
556 475 485
518 145 172
782 522 128
738 707 490
940 133 51
820 115 484
258 355 3
558 650 234
881 73 144
833 771 33
515 328 8
353 846 6
877 980 28
506 718 87
848 11 72
899 831 40
383 89 395
739 999 397
973 881 323
469 714 94
502 581 422
362 934 121
368 812 101
249 670 172
836 870 183
261 770 366
801 505 455
48 244 306
298 569 187
621 38 253
67 892 335
842 255 121
463 623 285
416 872 307
440 61 178
123 674 300
989 827 157
296 227 254
603 525 323
142 498 214
396 566 106
583 408 361
56 223 337
694 639 61
353 80 474
883 555 148
535 897 475
693 545 203
799 148 80
122 643 79
188 391 497
147 326 405
360 382 480
197 428 471
611 782 403
85 665 459
234 201 208
561 894 253
764 693 254
845 167 397
776 708 288
273 855 466
530 215 348
10 765 277
481 376 59
385 461 76
196 47 277
904 609 23
509 373 68
263 570 88
12 346 296
152 619 3
618 501 218
819 511 335
96 993 211
507 730 25
935 278 72
213 182 33
88 43 259
657 307 329
745 671 28
893 824 499
896 794 1
466 613 12
802 61 357
865 568 87
742 504 365
667 69 399
200 157 295
459 814 102
641 911 125
169 804 449
668 52 244
669 519 209
182 673 271
391 538 191
331 633 195
548 300 116
948 852 274
743 312 440
197 953 204
322 474 8
624 142 61
720 164 432
429 698 105
200 89 495
892 420 128
439 969 280
408 269 133
182 364 445
474 913 250
678 587 76
39 563 218
452 283 234
384 65 432
341 617 22
836 861 294
965 653 263
745 61 384
730 595 100
27 421 13
277 100 453
353 491 16
924 943 152
658 679 217
443 20 186
965 208 400
259 525 53
875 271 466
111 353 413
712 381 334
577 658 286
30 364 277
399 640 72
51 650 251
120 93 123
806 410 332
58 22 357
611 249 480
577 360 334
842 424 215
177 2 225
963 384 441
593 783 433
165 186 84
769 306 29
744 465 440
928 523 314
286 487 63
618 416 423
304 259 200
19 436 54
97 751 438
538 344 74
972 862 260
408 631 419
937 727 384
229 656 259
543 942 246
458 912 163
382 217 274
434 588 210
488 685 313
926 576 158
852 900 20
613 308 3
384 597 230
620 179 386
379 74 180
978 533 445
993 267 162
267 701 250
329 189 288
142 467 364
652 320 264
24 285 424
27 669 373
110 641 52
848 372 479
881 350 12
826 695 279
340 314 332
442 995 21
230 138 340
946 142 160
562 167 445
486 546 466
712 8 107
116 857 332
595 90 182
959 916 230
590 608 44
922 50 392
795 281 382
136 579 24
796 142 43
94 980 90
412 692 98
372 161 307
704 756 397
738 716 165
468 306 273
865 581 324
257 376 457
139 864 36
515 661 178
59 107 11
149 519 55
599 243 216
907 947 473
656 686 41
322 506 199
595 371 132
271 980 361
228 471 225
765 987 238
795 46 345
806 547 217
862 498 460
430 757 408
403 414 446
796 88 452
848 35 176
480 307 8
841 887 480
67 4 319
305 800 217
3 958 116
220 172 114
32 603 224
792 358 490
590 155 78
543 355 465
571 835 272
931 29 12
411 448 16
230 753 316
799 108 127
915 680 299
530 713 254
606 857 113
96 448 120
674 343 475
639 266 162
264 197 191
776 609 139
292 191 245
961 991 353
940 258 34
91 140 99
846 746 308
959 842 256
931 868 451
906 508 217
420 124 415
612 252 376
603 896 419
348 209 262
554 149 21
440 241 161
391 439 408
199 398 250
808 681 471
759 587 479
977 7 455
392 971 59
120 575 455
39 275 165
302 181 166
175 973 259
836 364 198
596 916 448
199 724 129
670 483 216
1 460 76
456 204 399
515 676 474
822 716 102
987 370 135
6 545 109
265 733 473
964 330 389
412 529 465
542 551 449
610 552 261
38 360 318
438 227 494
412 49 210
366 389 432
502 747 477
611 12 211
436 976 393
178 741 274
643 283 325
944 245 229
706 284 89
24 722 168
18 486 69
81 853 310
513 707 57
843 670 70
906 106 46
299 636 287
925 280 422
750 576 168
831 282 452
272 658 174
940 29 12
9 462 365
820 975 72
377 818 94
299 76 201
198 375 337
837 652 469
760 754 398
280 585 32
732 857 191
258 149 72
270 511 34
488 683 361
412 412 32
7 712 108
60 910 336
749 747 488
719 859 243
617 139 328
149 223 38
692 833 187
616 456 198
650 296 233
12 708 146
544 67 358
504 127 120
840 877 367
829 948 79
572 917 218
252 418 294
790 463 127
830 79 83
380 82 379
614 94 440
260 990 7
970 494 487
590 687 216
309 516 16
240 440 285
959 44 55
253 187 18
732 17 98
668 749 180
547 363 126
839 975 468
199 297 314
38 887 1
754 549 369
122 789 161
759 100 206
814 705 393
333 438 262
283 458 11
315 5 375
793 845 202
261 396 0
927 434 239
929 540 140
150 662 282
812 421 382
518 235 440
411 920 230
673 555 188
36 870 45
411 15 242
466 628 138
466 556 72
705 837 112
846 987 126
128 799 47
862 669 135
654 80 407
884 105 463
572 494 185
970 905 201
212 723 329
851 189 237
923 247 74
888 445 62
514 925 213
914 139 383
901 794 315
808 678 273
271 603 267
957 573 24
10 137 248
691 988 289
929 264 36
3 504 333
417 18 258
631 284 250
514 185 44
829 994 74
602 617 29
869 926 454
394 936 92
642 628 80
431 909 196
820 912 200
653 330 71
764 961 355
14 475 41
410 656 387
484 259 4
514 128 431
468 874 367
912 868 347
345 652 256
41 824 21
594 477 203
165 593 16
372 959 343
765 369 499
152 854 110
157 720 91
440 540 465
659 453 186
507 798 338
615 191 162
988 785 491
691 302 437
59 675 396
902 792 266
754 945 472
864 454 192
455 894 232
921 905 185
607 764 335
297 380 27
459 720 312
802 764 467
739 823 494
636 78 286
254 832 83
726 696 37
270 152 283
2 425 189
540 32 305
875 329 37
754 140 258
67 942 22
386 682 197
380 670 275
166 924 459
250 2 156
139 272 308
275 626 233
316 166 117
121 394 298
659 148 290
269 567 232
643 953 266
840 333 288
468 852 64
927 454 66
435 593 338
743 220 465
828 536 483
297 10 377
447 669 378
737 290 445
322 933 251
588 773 84
229 593 288
793 873 242
360 308 336
550 404 408
15 584 445
351 882 307
80 329 328
958 419 118
404 741 51
155 681 176
591 910 122
880 704 495
622 416 303
310 966 207
219 334 144
16 685 26
823 765 207
651 76 126
121 832 367
172 339 49
700 930 311
822 162 367
817 137 283
473 447 102
532 18 288
176 386 473
54 209 90
262 212 18
888 333 350
608 857 189
9 558 472
320 732 134
40 550 271
823 375 71
277 907 441
65 436 328
890 490 37
481 752 102
499 993 287
702 953 145
891 314 55
363 634 287
350 26 189
121 850 64
44 479 324
986 545 260
314 435 102
203 268 207
657 120 52
445 822 5
442 65 319
997 429 305
636 779 332
178 252 34
742 649 13
918 987 410
530 653 198
633 208 466
840 866 438
392 663 112
249 105 178
420 454 459
225 442 90
409 620 194
795 715 343
309 633 330
71 164 335
269 149 44
88 989 410
378 733 73
491 334 30
669 754 484
980 979 426
70 389 399
764 184 114
460 845 247
142 269 263
478 538 412
22 978 253
784 357 338
209 848 172
739 869 426
75 849 258
853 271 499
252 387 35
366 847 233
114 342 2
729 820 392
494 194 371
599 330 80
438 539 280
610 278 149
889 705 350
147 558 473
146 811 360
681 177 60
414 643 402
416 725 74
661 219 268
884 818 450
464 256 489
244 219 119
245 460 324
447 607 382
920 753 45
780 786 75
192 553 218
594 969 443
168 982 14
288 866 333
738 682 441
79 926 12
50 523 472
374 970 79
609 890 184
6 23 323
581 215 376
152 162 197
95 682 180
962 971 398
647 61 81
940 493 359
453 543 383
777 918 353
709 879 96
393 885 471
568 819 38
944 971 200
642 418 383
674 380 206
572 27 119
153 968 112
13 773 156
396 550 426
101 259 157
49 5 394
372 573 213
911 518 184
963 512 103
346 186 483
404 758 363
524 264 183
488 277 456
644 25 358
422 478 470
79 880 475
974 252 400
687 163 270
372 127 282
827 825 320
310 582 79
525 458 195
708 946 472
16 943 349
227 365 327
697 445 207
524 771 312
276 458 475
899 182 454
681 9 132
354 672 66
785 197 24
480 258 470
452 626 265
153 205 131
332 254 428
392 130 199
704 407 9
531 306 192
838 339 53
970 693 225
388 830 275
912 310 385
734 114 11
500 267 69
983 600 323
911 344 454
962 48 213
471 579 371
515 417 62
569 739 108
646 479 438
921 391 249
806 478 215
670 330 483
739 313 435
414 576 279
220 890 327
433 361 258
656 229 28
219 798 119
827 444 99
617 366 342
366 524 320
582 194 2
417 285 315
204 700 243
983 920 133
162 706 347
272 362 76
152 581 374
772 760 170
223 378 388
417 96 413
90 30 459
92 799 245
760 3 297
3 986 217
137 500 423
336 125 138
412 277 71
638 401 184
308 624 414
49 42 10
314 484 393
125 576 192
222 336 48
19 340 386
89 829 387
864 165 12
2 929 141
74 567 43
258 227 19
524 276 61
534 590 45
279 68 474
824 290 310
372 310 2
610 399 183
349 263 200
213 618 129
355 692 48
898 302 276
417 826 404
331 712 347
728 344 415
702 520 205
365 244 15
719 854 266
255 204 30
955 417 0
937 124 44
485 22 346
613 792 24
18 475 88
365 203 284
780 258 304
485 975 48
853 694 255
619 301 459
1 257 228
1 546 353
45 31 227
743 997 371
619 15 346
208 380 402
844 512 160
1 997 487
49 850 181
656 822 335
467 823 92
696 825 490
401 870 21
480 966 18
352 585 385
698 145 265
600 990 129
112 991 127
599 392 329
133 49 3
968 516 327
412 564 4
402 965 226
775 798 192
146 150 278
531 200 423
649 801 413
278 265 256
257 865 149
87 998 50
442 318 66
269 730 483
273 132 300
852 907 98
44 53 248
822 937 449
98 586 102
11 864 219
268 122 84
269 561 434
319 3 252
237 625 334
72 250 318
873 102 226
471 499 131
572 321 68
873 419 6
327 783 371
46 403 345
631 672 258
917 343 113
522 932 238
856 5 341
675 230 443
753 701 442
236 625 116
657 498 387
663 825 170
886 224 425
231 855 449
841 124 144
455 646 77
45 855 434
886 882 164
182 635 217
976 223 343
444 880 193
332 544 371
354 430 95
780 14 302
581 855 426
726 662 73
155 708 280
589 946 162
605 480 149
674 457 372
17 901 253
211 585 149
934 292 431
529 424 445
331 5 153
257 83 315
182 238 375
962 179 174
976 784 154
625 811 111
850 828 365
955 391 302
956 325 94
387 854 18
185 537 24
838 795 107
505 329 198
233 292 377
907 620 14
413 598 325
377 448 5
242 755 397
44 711 74
491 98 281
9 283 318
885 473 465
493 979 295
691 564 439
420 823 59
934 236 9
611 613 457
117 207 64
366 252 275
940 95 374
73 104 9
744 990 483
209 835 314
356 878 230
795 298 53
207 585 289
216 196 255
26 313 462
590 31 66
218 972 161
944 397 266
953 141 108
788 351 443
954 707 321
684 855 471
589 414 56
731 982 253
486 8 418
448 951 302
15 169 126
676 465 23
794 418 165
902 559 368
197 865 427
18 902 282
842 491 196
898 222 31
503 708 391
774 509 342
76 524 363
702 552 180
725 347 451
242 249 10
110 799 227
38 817 129
172 659 473
721 910 195
252 413 256
143 539 265
338 615 141
53 669 193
234 747 392
185 989 494
47 452 293
774 490 462
404 662 474
877 383 384
924 635 149
32 131 189
649 469 156
790 874 178
836 108 425
228 293 266
222 340 218
15 467 208
978 871 223
952 100 458
188 376 94
837 409 77
378 58 46
887 201 272
417 389 381
694 617 26
960 192 219
679 559 186
239 537 409
814 841 361
773 381 237
719 571 146
796 949 57
694 188 110
466 957 499
347 651 468
226 612 12
445 643 72
483 234 461
392 49 155
753 822 36
490 541 107
989 689 409
898 383 449
8 849 407
859 549 58
679 775 22
692 572 165
616 55 252
77 799 301
732 552 475
769 394 368
728 735 57
637 633 440
87 993 141
846 204 190
904 884 317
279 928 389
296 544 296
548 973 95
201 706 147
676 827 394
44 555 129
101 545 263
893 984 256
535 830 461
725 86 197
395 365 125
284 662 21
581 562 494
28 764 52
676 440 379
422 837 287
551 290 184
666 184 168
775 719 350
88 796 288
285 191 154
762 828 168
135 761 230
129 789 346
182 817 287
413 239 124
200 791 266
884 809 450
904 584 169
754 672 318
43 309 361
49 423 189
69 558 450
299 40 92
998 222 409
785 635 149
761 188 292
27 72 101
830 977 38
351 83 62
669 478 224
531 527 147
572 596 58
375 248 98
967 246 172
376 383 159
377 496 347
521 523 272
475 353 101
13 705 184
927 726 163
151 609 42
151 182 491
61 557 239
11 876 337
183 604 72
342 982 68
690 503 91
814 330 297
915 695 354
99 623 80
114 126 190
9 277 224
500 690 281
591 701 9
928 884 113
352 579 95
920 621 451
363 435 281
160 350 477
366 801 452
299 268 78
841 277 208
565 129 398
198 720 452
707 0 188
820 352 267
268 272 240
219 635 175
852 148 377
181 514 31
485 813 299
564 6 428
624 571 57
374 769 129
826 476 129
515 649 333
134 917 457
375 488 92
402 692 92
780 874 459
311 359 124
462 275 131
890 899 202
799 274 324
428 452 152
409 967 301
94 454 218
51 829 58
995 231 251
88 11 477
47 674 188
171 488 464
302 378 215
357 529 341
181 309 294
833 70 113
135 164 67
705 215 248
764 211 480
515 651 343
492 698 370
532 221 358
496 524 89
64 881 118
257 414 280
903 247 350
517 734 367
936 440 434
537 556 497
17 423 148
212 267 346
82 799 68
793 296 444
882 712 177
852 969 91
484 873 190
187 742 425
54 678 217
488 567 273
486 584 196
486 149 463
833 583 262
753 376 410
549 610 122
226 815 92
669 299 465
359 486 59
784 540 89
1 381 157
126 219 93
322 705 242
137 890 326
400 995 54
662 544 17
285 122 332
229 791 131
46 503 118
605 639 10
194 993 243
351 119 314
445 794 372
39 931 262
865 683 110
772 346 6
289 631 129
973 212 272
604 258 127
74 863 267
437 409 260
532 761 231
847 558 25
219 597 457
833 815 140
443 587 338
302 228 321
931 553 33
55 157 291
683 584 154
302 373 416
562 905 177
293 752 235
819 323 332
628 157 147
120 952 86
959 254 166
780 537 219
166 945 229
457 980 313
964 282 38
880 844 443
909 489 48
144 660 223
328 640 232
976 761 185
914 72 291
81 204 181
800 370 126
29 180 106
194 144 388
732 376 84
528 285 425
428 429 86
651 757 226
384 85 339
421 0 263
64 433 320
245 233 190
371 615 222
829 161 366
217 246 94
153 774 379
579 554 160
17 205 270
743 941 355
935 714 207
198 779 140
18 24 226
561 748 193
635 577 354
854 147 100
448 652 226
328 231 280
988 600 338
758 344 279
966 631 346
525 181 125
518 552 1
744 465 249
937 100 179
643 954 326
244 403 478
322 83 62
603 423 162
441 534 358
572 500 341
770 377 23
395 895 427
397 639 392
498 928 344
177 924 299
355 520 54
186 842 137
600 445 412
262 238 446
973 163 298
314 933 176
189 681 71
616 430 63
860 928 343
205 458 267
504 813 287
910 999 130
399 599 427
311 214 18
758 539 33
56 853 466
84 395 499
656 11 429
571 872 210
414 77 168
534 933 333
821 843 185
303 242 284
231 905 350
101 663 389
134 72 95
452 156 490
452 164 353
233 87 77
943 502 6
463 36 439
797 209 134
482 513 228
118 744 134
969 197 149
710 331 221
305 783 230
647 587 246
1 821 334
578 764 188
585 228 76
876 377 285
363 859 298
91 977 394
77 946 91
727 9 274
800 314 58
30 962 145
129 963 466
963 893 83
3 478 163
79 707 40
716 70 251
515 513 228
761 591 27
205 318 36
979 118 350
889 501 164
35 630 479
353 945 373
788 948 203
803 379 410
195 95 332
446 962 346
27 76 437
554 633 107
90 612 225
292 854 78
457 889 60
936 594 5
661 735 305
865 890 36
127 86 484
812 884 446
658 911 374
447 465 7
554 907 472
131 200 326
210 9 67
622 945 13
980 959 248
637 176 139
674 655 77
158 467 461
956 125 373
183 572 190
690 478 98
514 610 298
840 172 307
759 794 104
273 774 415
873 412 91
364 438 247
941 948 66
755 256 44
128 439 468
670 482 447
768 996 57
418 189 81
725 300 227
682 573 2
597 447 266
41 811 56
140 105 4
706 860 260
750 340 52
719 10 34
518 779 382
927 549 423
508 627 224
235 309 149
89 258 448
707 651 260
763 791 217
119 850 77
732 952 269
784 23 279
670 541 410
904 468 460
328 328 87
404 916 248
53 5 358
502 65 10
114 180 301
831 300 3
760 32 456
29 168 479
660 838 21
71 742 341
383 422 170
322 826 86
922 880 443
780 382 360
290 496 41
944 679 341
799 439 225
255 820 393
735 480 231
108 903 325
949 638 248
471 960 74
909 882 454
353 15 188
565 657 36
606 953 215
299 753 6
24 8 178
269 743 159
352 203 414
178 153 53
426 624 13
852 534 248
159 239 115
847 804 272
384 763 226
951 62 479
310 439 339
488 708 435
499 413 138
414 591 291
967 369 268
832 221 154
580 380 393
47 580 49
820 964 164
898 267 79
377 577 18
568 418 78
503 917 491
642 331 434
285 650 303
905 483 377
59 415 257
804 463 337
706 635 153
370 533 273
449 910 202
319 478 120
250 334 38
593 976 221
528 613 372
183 519 207
60 930 474
670 87 437
859 793 72
365 515 105
138 317 367
192 636 198
313 238 32
703 832 360
776 712 325
500 247 196
707 308 127
682 330 214
471 541 359
896 906 374
853 396 191
73 589 180
771 254 270
155 957 102
867 733 166
192 234 414
389 293 74
868 327 404
434 799 297
793 47 56
19 900 304
211 973 393
743 96 499
513 251 308
468 470 42
134 663 128
48 404 273
974 624 101
878 58 252
28 851 299
84 870 199
888 433 25
634 528 121
633 42 225
942 862 195
336 348 210
316 749 466
589 723 90
190 602 148
942 982 351
93 66 74
145 954 359
170 588 388
643 574 282
720 516 144
268 204 492
478 520 241
797 109 465
739 652 419
388 594 401
591 688 319
17 833 273
877 355 362
265 998 288
399 71 304
43 339 360
387 169 380
481 966 341
946 706 493
717 446 440
470 389 480
289 407 165
62 284 20
776 901 370
64 300 441
220 695 280
580 82 302
812 563 268
154 861 326
499 930 272
439 400 162
771 689 421
936 104 205
808 232 458
679 649 258
972 221 305
605 154 387
407 966 303
527 472 164
354 972 95
626 763 347
640 535 389
61 471 345
118 632 77
76 311 78
686 635 300
991 240 454
731 999 272
34 527 97
550 881 421
997 859 184
845 500 71
86 913 395
431 384 27
8 812 190
939 499 325
739 842 418
45 925 417
669 959 444
766 862 325
187 211 185
724 56 37
795 142 450
42 925 334
569 286 147
759 225 498
937 316 192
355 361 118
772 30 429
717 797 143
894 336 355
931 60 263
468 208 258
271 250 183
457 820 469
456 931 194
954 220 10
999 575 223
969 348 254
898 417 403
394 663 239
749 595 152
512 63 360
770 334 110
306 144 282
775 600 66
822 907 286
184 906 214
908 875 62
14 125 331
269 519 494
860 620 89
512 133 5
724 255 191
835 561 335
469 689 436
35 511 343
822 47 101
536 307 328
950 673 453
133 942 325
979 155 445
421 19 430
926 744 38
469 579 99
805 48 140
741 436 3
936 610 51
37 498 358
365 448 384
170 933 326
847 912 333
793 685 353
575 611 97
613 81 28
565 238 428
205 331 364
709 267 474
260 656 472
470 373 272
354 895 205
533 743 470
218 888 155
571 815 119
20 429 52
48 346 290
477 551 473
341 612 240
168 872 248
140 695 473
913 401 220
970 286 315
292 505 55
300 428 371
919 449 152
971 849 498
613 678 49
586 20 162
178 540 386
778 680 433
103 945 187
323 268 325
639 912 182
194 212 111
917 131 412
69 454 113
567 419 292
969 5 164
983 535 204
869 313 236
155 768 34
842 92 302
167 83 66
350 629 279
313 547 410
77 968 217
690 536 136
982 857 494
646 840 381
202 61 47
439 216 315
973 410 259
127 930 194
193 632 176
472 945 223
235 22 43
804 64 79
792 47 436
786 45 128
20 248 190
567 687 406
882 12 317
994 139 99
188 684 231
364 157 176
439 744 50
483 548 114
414 692 13
203 831 59
831 851 307
873 418 346
780 652 358
449 646 497
48 187 33
279 551 42
807 343 286
709 178 186
675 592 379
41 147 210
100 331 413
759 204 331
105 984 483
815 785 482
664 185 169
197 816 72
240 975 415
378 684 93
65 712 38
796 753 185
358 205 368
771 316 73
602 773 409
437 588 47
271 252 232
940 801 49
865 41 24
780 420 61
226 837 125
264 633 230
801 343 435
670 114 251
95 68 24
504 857 464
51 129 216
136 421 369
37 638 411
561 419 183
474 997 20
451 613 5
181 414 348
468 436 314
719 883 382
95 388 91
411 791 72
627 279 346
349 316 484
760 230 255
295 704 252
315 508 217
672 689 132
372 158 420
186 229 304
420 677 44
511 88 187
436 68 467
782 417 283
766 177 13
874 824 70
626 491 78
344 163 119
828 535 277
100 73 7
256 493 184
152 356 272
840 144 340
159 926 109
794 45 138
660 919 462
230 897 453
660 241 116
779 421 3
409 874 76
268 130 421
804 283 130
428 475 274
769 634 53
230 780 98
869 440 369
331 670 266
285 682 360
753 814 133
757 223 7
185 491 138
459 295 273
441 723 248
215 844 234
620 75 14
70 944 455
439 627 477
706 912 12
918 18 326
551 775 49
59 312 392
49 123 187
674 564 262
774 780 107
508 752 34
374 823 330
681 262 457
11 320 222
23 238 240
849 790 367
898 201 179
790 250 303
329 924 219
591 698 499
50 558 104
584 284 427
766 966 41
224 977 362
946 0 100
38 201 242
905 451 443
436 593 45
91 922 321
311 865 19
662 916 429
766 852 214
693 971 32
235 195 9
449 493 361
549 883 62
144 788 13
587 224 106
985 316 380
306 979 245
326 641 13
607 408 218
821 453 189
353 40 236
214 489 81
75 391 464
489 535 252
2 474 328
460 459 496
840 766 475
86 444 117
951 51 377
669 225 330
710 930 371
946 497 212
379 924 455
343 414 490
447 768 317
776 229 276
124 69 394
452 507 190
69 811 242
446 480 319
628 543 101
851 489 98
916 869 23
371 564 289
362 12 57
531 140 286
159 616 208
554 68 215
744 137 378
338 935 359
509 916 402
611 119 243
561 35 464
436 407 29
725 121 393
783 652 33
69 811 1
129 717 70
697 462 59
75 152 347
286 662 263
688 625 382
284 186 270
748 623 177
129 348 298
522 483 450
407 905 113
909 34 331
479 731 145
890 159 297
237 445 311
852 486 436
587 770 475
357 870 450
534 0 298
832 874 134
134 634 39
247 895 425
430 726 9
75 616 168
225 854 113
36 706 99
825 293 221
800 2 92
750 536 444
400 720 170
534 854 304
925 454 199
351 884 425
860 960 394
880 537 248
993 573 306
945 750 452
666 550 454
258 652 343
554 405 63
725 291 418
529 217 224
581 920 108
6 132 420
752 12 457
0 357 383
659 302 133
963 969 36
269 579 40
112 134 445
676 859 237
446 388 306
670 321 226
778 680 210
551 432 222
508 785 79
743 444 234
377 759 203
265 28 282
805 141 416
751 817 275
340 263 16
146 285 337
224 63 17
434 614 302
8 475 87
939 218 31
173 947 290
728 212 170
511 370 311
779 121 480
907 461 95
423 959 380
612 535 296
482 969 262
784 329 237
871 620 308
754 146 255
396 874 320
66 737 190
230 517 311
210 424 124
158 199 435
38 163 470
686 997 291
949 781 120
686 4 92
994 110 238
602 506 113
422 925 350
612 155 219
275 717 495
399 875 46
186 266 210
156 952 207
447 253 341
419 940 197
11 286 308
750 240 314
715 662 239
417 274 246
989 901 316
984 652 43
531 838 161
593 994 466
652 793 219
493 564 11
691 576 298
351 678 390
165 745 53
257 514 179
855 503 81
171 488 233
715 371 72
876 964 418
342 616 64
414 462 128
425 505 56
75 856 86
966 373 331
519 982 346
50 838 349
131 361 189
217 428 60
141 657 376
411 999 345
475 765 307
456 191 164
12 266 372
599 584 245
282 455 228
480 506 418
182 989 279
371 206 208
284 347 365
160 759 216
357 586 334
664 42 25
180 55 143
552 6 228
650 640 35
730 121 41
648 303 31
279 26 237
339 662 437
56 175 196
773 532 282
607 197 177
984 729 232
979 282 90
559 932 82
595 662 203
136 662 358
19 941 237
109 281 399
546 337 74
94 462 107
228 421 156
405 757 385
989 737 19
931 296 303
514 243 317
217 380 479
928 751 273
665 860 406
64 758 95
991 852 410
98 81 331
106 838 441
843 180 30
863 111 178
166 625 422
836 195 154
815 123 405
88 140 266
346 556 24
942 547 229
352 997 162
535 455 0
476 299 180
858 514 144
537 32 269
459 868 316
113 36 439
518 476 431
136 823 488
513 765 387
742 117 237
404 4 44
256 833 343
289 691 209
433 228 242
202 687 110
519 800 498
310 671 475
594 807 298
434 672 415
173 414 384
910 170 388
807 427 221
650 68 413
360 501 141
454 55 181
416 926 333
415 589 4
890 183 164
540 969 336
955 142 103
839 405 273
79 212 52
801 214 120
566 574 473
559 380 29
592 797 455
426 212 44
282 454 79
946 994 48
635 949 191
90 140 448
363 219 160
768 372 374
888 938 301
862 850 181
243 442 478
198 220 42
95 503 496
526 801 490
575 788 291
118 878 431
66 242 3
578 10 375
952 250 166
605 464 368
287 707 310
117 258 31
512 705 386
8 231 187
851 158 476
642 276 354
926 694 448
429 272 310
656 577 413
822 182 377
542 821 437
353 291 47
736 803 252
622 163 483
661 14 142
137 9 270
844 935 465
792 716 89
103 372 166
16 547 201
745 89 374
182 442 165
581 530 468
333 504 132
669 166 498
163 655 7
933 499 442
750 644 158
192 99 383
210 115 430
411 212 19
786 747 314
451 328 196
272 662 201
256 683 219
254 846 374
262 779 226
556 882 370
567 74 321
950 284 288
232 696 0
251 834 247
65 637 428
114 909 442
315 165 125
34 772 471
760 386 250
338 942 484
560 861 58
881 163 343
669 395 391
670 647 225
769 64 362
197 178 124
639 845 141
116 231 413
87 992 299
190 330 94
174 891 307
233 124 471
928 794 366
319 464 365
896 585 430
110 783 460
234 774 306
228 891 389
993 978 381
145 520 64
239 695 307
546 280 431
369 208 225
236 879 41
101 775 127
383 885 262
844 472 36
502 700 279
391 45 110
625 190 130
541 781 325
348 680 457
631 49 165
709 285 44
602 739 171
729 122 57
343 966 381
732 820 433
11 564 478
621 189 169
104 730 302
281 430 482
739 413 32
756 474 317
653 77 56
324 158 31
233 502 497
966 234 170
399 597 234
230 571 275
251 675 357
53 956 139
536 47 52
68 804 379
237 457 456
794 133 114
825 367 468
174 333 54
696 85 152
782 315 223
57 566 398
766 619 206
905 155 254
810 575 410
189 813 219
997 959 352
963 136 219
432 662 405
486 359 490
138 141 305
713 551 223
963 669 342
522 575 350
128 737 425
538 278 90
757 627 49
461 590 185
533 22 348
938 861 59
780 351 52
937 65 103
660 380 273
354 902 200
556 30 289
334 920 419
924 29 46
474 491 136
