9383
886
2777
6915
7793
8335
5386
492
6649
1421
2362
27
8690
59
7763
3926
540
3426
9172
5736
5211
5368
2567
6429
5782
1530
2862
5123
4067
3135
3929
9802
4022
3058
3069
8167
1393
8456
5011
8042
6229
7373
4421
4919
3784
8537
5198
4324
8315
4370
6413
3526
6091
8980
9956
1873
6862
9170
6996
7281
2305
925
7084
6327
336
6505
846
1729
1313
5857
6124
3895
9582
545
8814
3367
5434
364
4043
3750
1087
6808
7276
7178
5788
3584
5403
2651
2754
2399
9932
5060
9676
3368
7739
12
6226
8586
8094
7539
795
570
1434
378
7467
6601
97
2902
3317
492
6652
756
7301
280
4286
9441
3865
9689
8444
6619
8440
4729
8031
8117
8097
5771
4481
675
709
8927
4567
7856
9497
2353
4586
6965
5306
4683
6219
8624
1528
2871
5732
8829
9503
19
8270
3368
9708
6715
6340
8149
7796
723
2618
2245
2846
3451
2921
3555
2379
7488
7764
8228
9841
2350
5193
1500
7034
7764
124
4914
6987
5856
3743
6491
2227
8365
9859
1936
1432
2551
6437
9228
3275
5407
1474
6121
8858
4395
6029
1237
8235
3793
5818
4428
6143
1011
5928
9529
8776
2404
4443
5763
4613
4538
8606
6840
2904
4818
5128
688
7369
7917
9917
6996
3324
7743
9470
2183
8490
5499
9772
6725
5644
5590
7505
8139
2954
9786
7669
8082
8542
8464
197
9507
9355
8804
6348
8611
3622
7828
9299
7343
5746
5568
4340
5422
3311
3810
7605
1801
5661
3730
4878
1305
9320
8736
9444
8626
8522
3465
6708
3416
8282
3258
2924
7637
2062
5624
2600
2036
3452
1899
9379
5550
7468
71
973
7131
3881
4930
8933
5894
8660
163
7199
7981
8899
2996
2959
3773
2813
9668
7190
1095
2926
6466
5084
1340
2090
7684
3376
5542
5936
9107
7445
9756
9179
8418
6887
9412
3348
2172
1659
2009
2336
5210
6342
7587
8206
9301
7713
7372
5321
1255
4819
4599
7721
9904
5939
9811
3940
5667
1705
6228
1127
9150
5984
6658
3920
9224
2422
7269
1396
4081
5630
84
9292
1972
7672
3850
7625
5385
1222
9299
6640
6042
3898
713
2298
6190
524
2590
8209
8581
8819
9336
7732
1155
5994
8004
379
4769
5273
1776
8850
7255
1860
8142
5579
5884
1993
3205
7621
9567
2504
613
1961
2754
1326
4259
8944
8202
3202
3506
6784
2021
2842
868
9528
5189
8872
9908
9958
498
8036
8808
7753
6248
3303
3333
2133
1648
2890
9754
7567
1746
368
9529
4500
8046
3788
9797
6249
6990
3303
3033
5363
2497
253
4892
7686
9125
1152
3996
5975
9188
9157
3729
5436
2460
3414
3921
460
6304
28
8027
8050
6748
7556
8902
4794
7697
8699
1043
1039
2002
428
6403
4500
681
7647
8538
6159
5151
2535
2134
4339
1692
2215
6127
504
5629
49
964
8285
6429
5343
6335
3177
2900
5238
7971
6949
289
5367
7988
2292
5795
743
3144
2829
8390
1682
5340
3541
569
3826
4232
2261
6042
360
9117
8023
6761
81
6309
3190
5425
8996
6367
4677
4234
690
1626
4524
6057
9614
3168
8205
358
6312
7386
5100
4346
2726
4994
4916
6552
5578
3529
8946
2290
2647
6970
9051
9080
9631
8593
857
8627
1312
1886
9214
8355
3512
90
4412
9479
9610
8969
6189
2274
6355
7641
6620
5433
8987
7888
8338
4566
7770
7284
6856
417
606
2260
5849
237
7205
3059
5217
8518
4945
783
6873
8458
873
7637
4289
483
6607
478
2757
9314
4471
5729
1100
3459
3618
9438
8025
1388
3074
1233
8157
3681
3493
358
270
699
3417
1839
5569
8363
2622
8794
3173
9847
6431
7462
6682
9390
4292
5791
5057
5115
1521
6157
8574
1491
1947
2951
9231
5021
537
3740
5054
4030
4098
5325
1081
7516
3516
3002
2231
6139
1796
5404
2338
4580
9218
9021
3970
9862
4812
5379
4977
2685
1536
9904
4176
3483
9207
9759
4857
9744
3499
9911
127
3950
5236
7560
7818
5105
563
49
1244
8711
1805
9934
3291
7375
8955
3614
3589
3768
8993
4918
2805
6882
4822
6982
6717
4030
3093
1574
126
6593
1486
253
543
3074
7814
4713
8179
8377
4762
5775
7088
2919
5710
6732
294
1017
346
235
1137
5691
5153
3943
2573
6328
925
9291
6710
4018
7217
6836
6963
5055
7090
3858
8130
4904
8571
2661
9633
9685
4789
3073
2604
6851
9805
9250
7868
6503
9485
9006
2195
4639
2949
1120
967
226
6763
7677
596
3981
865
7560
9036
7955
7770
3518
9211
6342
2532
5196
2379
7321
8270
4984
4172
4427
4234
2040
7283
72
7398
5830
1063
347
6950
2030
573
3714
6059
7522
4047
6924
5082
9435
1232
9204
2954
443
1898
5486
5640
4278
9159
262
9262
9683
1041
9848
1723
8324
6272
9122
4154
7335
5821
7457
9365
2747
1171
1776
269
5218
8701
1703
4653
9933
907
3959
6728
2806
5797
8720
7084
1308
5334
2698
991
6376
8898
2715
1052
5171
8189
1559
2506
4010
9016
8224
3109
6539
0
3378
8109
5053
5081
9114
1338
5989
9426
8067
5147
5223
6787
2231
6532
2122
1281
3875
4850
179
6590
2254
5350
1131
3813
7857
1494
9181
6081
4603
5720
2433
7982
181
7487
9415
9296
8825
5404
8722
6892
551
297
32
9134
3181
8506
415
7057
9708
595
9999
1962
2297
7483
5776
154
8977
1309
2587
9932
3382
5021
4266
3563
8860
3682
9211
7685
9086
4285
930
5990
4583
7314
1476
4116
5820
1892
7525
5528
8839
7525
7490
1136
1360
9618
7643
337
928
6582
6621
4310
7955
888
4225
6815
4570
3437
853
8
7722
1783
2350
8657
9097
3827
9126
1269
2071
6651
3149
910
528
639
8398
1888
6610
2393
8577
3890
8976
5199
4552
6931
6087
8777
99
657
8566
952
7017
2641
2735
9368
1298
8184
3195
6776
5805
5266
3428
8954
2528
308
9593
7278
2197
2555
9672
774
6445
5000
2325
997
8283
8412
6127
8382
5421
4693
9334
2439
7334
8421
8159
4985
2957
1354
1761
8762
2972
1541
7716
1852
1850
3662
5482
399
6217
5154
1173
9015
6506
9851
6364
4790
8263
2491
3172
37
3537
8859
8828
871
7280
6987
5856
6590
8341
3970
5352
7665
5511
3069
9517
7361
3083
1351
4112
9300
6506
1638
4667
9364
1489
1032
4154
6104
9875
3679
6141
3412
2538
4969
636
6170
1956
2844
2760
6649
6814
4465
4314
2326
3886
183
6039
6969
1535
152
2621
4393
1790
7289
109
9631
4673
4264
5735
4548
4295
1877
4313
6833
3198
4949
9355
5155
7793
8468
8156
960
2933
8823
3286
3171
5358
5677
140
3245
2181
2761
3990
323
50
4100
9954
1075
8364
2042
5624
2659
3919
6289
5844
3469
1238
1551
4976
5383
19
3133
6343
9304
1956
5981
2475
3666
8011
8967
6912
192
1729
902
6868
8131
5002
3174
9207
9718
5216
1183
2377
5487
7472
4573
8957
5062
6125
3933
6797
2496
3418
3141
8153
1726
5474
6980
5393
3485
5948
2305
30
4029
9559
6898
2160
4562
6424
7719
4280
1641
8902
3010
3480
2726
7583
8789
4140
3708
2723
938
2557
2493
431
710
4220
5905
7690
9613
9391
3638
8270
9421
7667
7829
2671
6180
8743
9095
3899
3024
7088
9154
2386
569
8232
9969
5710
2373
30
8433
9663
2587
7279
94
9649
1499
2351
7339
7464
1742
7330
2086
7515
1349
9915
186
3881
5011
5634
4133
4387
2722
3287
6773
9643
1519
6742
5354
244
3124
139
6259
2063
7418
6353
1712
5269
8705
5404
2733
6799
2734
4819
4315
435
1087
853
669
2450
6487
4802
6837
5562
8089
3610
5205
5960
6704
6911
2557
9829
3403
8816
1892
821
1522
3605
2443
6579
5361
1528
3378
4447
2700
4045
4882
3787
4899
5551
2589
1386
353
9426
6948
4794
3036
8506
7107
6092
5417
9664
5921
8820
8480
4166
5994
6354
4123
8437
2933
9484
6317
6312
3931
9017
6709
5165
9156
1608
7069
1745
2995
7422
1171
6295
8569
559
4801
5676
6652
6571
5340
8925
1743
172
3091
4089
6527
3566
8878
5812
3050
5196
2124
3333
4213
5186
8499
3370
6794
5568
5115
6141
9342
2639
2437
4263
3198
3590
9939
6202
6513
1631
5128
8257
1804
4571
2346
4683
8138
1225
495
7540
6421
8972
7226
634
4158
5725
356
952
7645
5472
3446
3339
8111
5883
7603
7661
5825
7542
216
2339
9174
5344
596
7330
6267
9294
2013
757
519
8860
4650
3292
7832
1876
279
1990
3953
635
9295
1598
6107
2741
4937
570
4976
2540
4584
801
83
4800
9492
5609
6496
6440
2939
2763
5735
1304
9873
2606
164
4523
2251
4349
2751
2530
6339
6704
3165
1986
8302
5625
1079
9591
2547
2407
8484
7131
9561
4919
1931
9053
528
8427
5494
9819
7543
7581
1123
3768
187
7639
4643
2438
1988
7394
1320
4680
4098
4486
3018
8752
6463
4098
4695
9010
6505
3179
6142
6066
8098
4425
1472
4978
2853
6966
4797
6748
4547
2272
516
1086
9912
5159
9877
1900
2553
1197
2932
3003
2035
5951
8107
8498
49
9154
3861
2906
2334
3
5325
6784
4428
6797
1763
3633
115
6560
381
1014
5185
897
2100
5097
2408
8329
3349
1313
5879
2634
4316
7914
8585
8775
2765
4986
7930
6626
7892
6616
6629
9569
9752
7409
6366
1515
7395
2833
4428
7776
3847
9613
5026
2300
1062
3786
629
763
5100
6508
3397
9416
775
1982
4544
3540
3320
8826
6518
7565
1794
9499
7134
1546
6908
9853
3062
4303
2686
3842
8432
6534
9807
9810
8834
869
3596
5815
7984
8696
2324
1382
4465
9451
9716
5361
9343
3037
4187
5861
602
5981
5360
4088
3879
8620
3941
3293
2924
6628
7135
7708
3162
6942
3870
1996
4163
7466
7811
8500
2515
6487
6234
3332
2290
5950
8693
1633
5339
2880
7494
2293
5213
2854
6382
5444
1475
323
8738
751
6951
5873
4811
6465
9168
8681
4813
9683
2499
8977
4535
5014
5464
769
8346
4107
3072
3391
5740
8411
2623
9587
7057
7836
8793
3439
3281
6620
114
8371
7371
3418
596
8534
9883
9764
3567
4697
5800
6067
3674
335
7433
5490
7457
2132
5949
529
5523
1690
5292
8147
7629
2349
2335
6422
2140
1968
3043
2255
339
6766
2025
936
1653
8260
7052
5220
2957
9204
1287
2983
9540
8721
4826
6997
7205
7127
3878
2728
5169
9170
7227
2798
1520
9563
9221
3660
7883
8616
2267
8223
5382
4292
5511
7035
2553
2563
8608
1862
1768
9895
1198
7660
4968
2376
1009
2173
9503
4887
1254
4673
4057
8481
3823
1929
4396
3044
1942
2280
8012
4209
6855
9747
4854
8628
8543
78
3031
2811
1626
2104
4389
7412
6687
8296
1035
6252
6441
7675
1604
3770
4342
6284
8917
7274
8702
8046
53
6829
8450
116
6463
8229
5786
8198
6857
4329
8276
9888
7140
6254
1992
1530
18
5031
6178
7405
1284
2619
5080
9240
2742
9423
1876
1659
3049
6931
6057
3102
3760
859
9571
6575
9088
5357
4773
5945
6038
9401
2186
9531
5655
530
7413
5673
5562
3591
3079
3198
2563
8159
8790
5305
7582
666
3316
6984
7597
9373
86
7710
6584
6009
4285
5673
7718
5411
7970
3757
4812
6508
3288
468
7039
701
2493
8953
644
1924
2151
9559
84
7293
4864
4018
7959
4532
1002
1909
257
7441
9619
6842
9802
256
2515
7521
5667
6837
7630
6832
3346
918
3652
385
7971
6145
5690
4967
8070
7841
4527
4506
1486
5743
4876
9445
276
5879
7706
6885
9672
3677
3727
9474
286
2594
3347
5953
9432
977
9137
9130
8247
2789
9515
2570
5287
5205
7538
4935
9398
8417
4215
884
512
9091
6681
7140
1322
740
4026
7346
4417
4105
6821
1055
6700
168
7009
2484
7498
2498
1614
5745
5288
7481
8316
6927
9038
2206
6636
4788
6975
7203
2024
7487
2646
5057
4628
3969
5797
8654
7667
6567
9111
4488
7622
5811
1009
983
4647
8507
3482
2613
604
5122
94
8920
8401
5484
7478
5037
272
4453
8592
2296
1941
1238
7354
2921
1559
3151
7927
9227
6070
7038
67
3693
9202
7428
1028
3849
5935
4510
2815
2892
5984
2909
8164
4385
4746
5643
5774
5018
6448
4366
7315
4741
1957
1021
7662
9868
524
1941
9095
6595
8980
5515
6640
8182
2943
7668
8383
5231
8531
1198
8123
867
460
2639
5253
5206
8282
1027
224
4731
1746
3891
5824
3703
1264
3487
9923
1789
5428
5371
4736
760
886
1376
8942
181
5396
3678
1764
279
4876
6239
1147
5336
8879
2752
6894
7161
131
7119
8244
1877
7362
4069
1932
8627
3908
1856
6768
5688
7227
1504
6449
4465
9232
1743
4646
980
1773
6411
1260
6650
2650
8759
8338
1529
1511
5233
5043
7994
8704
9639
6224
2418
60
8156
7397
3968
6364
4165
6009
9943
5669
2458
760
4901
553
1759
2234
2327
4522
9846
5329
3524
8605
19
5054
6468
1604
6449
4462
6660
2440
686
9079
2501
5195
6476
6469
7911
642
8830
4207
2663
7640
4967
3917
8194
3078
6151
6873
7600
5997
2202
1125
4602
8573
2531
7422
178
8980
8236
6838
1420
8923
5917
3921
470
8746
6743
4733
5740
1925
8940
8403
9566
260
2320
4112
3338
4823
985
939
820
9539
8416
1774
8112
947
9196
8290
9927
3785
1481
7699
9060
3750
7973
9530
2496
1068
615
8236
2993
9556
2992
8911
6168
1664
3023
5858
6488
4008
3149
7308
9899
1565
5435
4364
2512
983
2654
8791
4768
487
2843
3828
4238
816
9710
6734
8236
326
1323
7581
6234
4315
6493
2402
5979
9516
8260
2467
9877
7762
6128
9776
9327
1563
4140
1840
8898
3147
631
3667
3634
3474
7495
4224
642
3558
959
5230
3884
8634
2812
118
2949
5657
8872
5280
5173
3484
4100
1402
1246
6580
7531
574
4495
8023
8766
3393
7522
9397
7060
1157
9224
908
5381
6218
4466
2692
1449
4702
1326
613
1172
627
6270
44
2260
7795
3528
6360
5550
1127
2940
3081
8053
3787
1104
6819
7180
8627
2568
593
6136
8144
7853
7869
4363
8671
6914
2164
3373
4592
9129
4545
5220
1751
941
7480
5898
821
192
1448
1948
9484
4529
1
3271
1986
3172
6803
6965
5741
7396
9453
3885
5249
3674
4600
272
588
6764
3645
5181
5893
4542
6753
3996
5483
585
9895
2657
777
1343
4605
261
2225
959
9884
563
4131
6687
7528
6224
436
3333
110
2037
7007
4710
2310
7596
7827
2307
9129
72
3202
2234
4069
5037
2819
3964
7694
9948
5307
8652
6561
7532
9611
6445
8095
94
9484
1975
6319
9920
5308
6429
1958
8668
7491
620
6264
5318
2927
1745
5391
6129
3979
5812
1167
3150
9776
8861
3098
5083
3865
9659
8968
3476
6104
3415
9923
1940
1743
6242
1861
3403
9023
3819
2071
2866
4439
4687
8185
3718
6432
9928
9848
6763
5740
7367
9913
1868
2580
9363
3303
6446
9022
2271
6274
1478
2039
6197
3419
3782
2439
1632
3537
7814
5451
5609
681
6242
296
5218
6312
3081
1498
2512
9844
3590
9879
6110
5458
8812
1825
5113
1610
848
7385
7884
8678
5776
4082
8449
5910
2873
81
9447
7040
1884
5056
4073
4478
5353
9291
791
4786
7141
3303
982
731
9535
3444
2541
8347
5270
7654
9957
2470
1391
4193
1148
3519
8275
9598
9429
7501
9679
8877
893
7916
285
4966
2394
1990
4257
3185
6776
7750
6489
7759
4833
2376
1203
3726
723
6473
7732
7032
8943
9124
1225
6444
2643
5853
2394
8425
9706
8425
3654
599
6341
3939
5565
8736
5930
6174
1921
9058
3924
4762
3169
5109
7138
4373
8835
4213
7198
6567
1245
2494
2043
8823
5290
4687
1028
7684
9464
734
6109
3118
7685
2451
7057
9602
1187
9339
5776
9460
8398
6052
4223
7919
1161
1361
2292
6348
5575
5843
2915
3172
4689
4959
8347
9979
5998
9375
4015
5462
6461
124
4932
4146
8927
1989
3748
6466
7681
5876
5927
2431
8280
150
350
5793
7863
8995
2141
9790
1190
1409
9315
5879
6368
7662
2210
8718
3390
6225
4180
9851
2701
9112
3998
7981
7453
4098
4447
1486
6327
374
3917
4607
6876
620
401
1092
9615
8894
882
805
303
6549
3036
3023
4212
1598
1741
7602
4175
2273
3805
3228
7737
7803
1209
5191
8254
5657
6677
4581
2383
6947
5540
9260
7567
2293
352
3534
7540
7586
691
7843
4136
3727
867
4700
5325
8960
8654
5852
1234
2459
9080
8971
6615
290
514
1221
2299
3544
2154
4682
491
7694
3942
4410
6340
646
7944
3880
4585
8635
8075
5073
8714
8942
9773
391
4255
8427
6243
5489
7238
5323
4460
3853
1965
1327
1426
4264
4871
3580
8947
5362
1275
9241
9772
3967
6240
4068
7847
825
2703
5922
5898
7769
1217
2023
8160
5472
6802
755
7313
4040
6078
8125
4246
4396
9452
5672
8660
4323
9253
7607
6037
6880
3201
2161
847
9441
6229
5046
266
5284
7320
2516
3053
4889
4539
7565
6713
1341
8320
4026
5381
751
8504
5979
5147
7956
1652
3807
8632
7257
7767
4669
489
968
6831
1336
409
3060
2734
7027
4697
54
9543
7750
4944
4082
1668
1657
5423
9988
2036
7156
7091
540
3136
2238
8496
1140
2398
7128
8397
165
8150
5238
1133
4981
2926
7894
4393
5660
4921
9090
2066
4464
3193
7010
4898
4861
5020
321
1201
3408
3829
8293
3948
6965
531
8796
4457
2929
2277
9206
9446
427
4444
6931
1760
7370
4825
6153
3030
6098
5244
1449
6914
4789
4811
1812
9650
9831
8485
7203
3239
2315
5496
3539
5632
2380
2336
6442
1661
4613
5648
1108
1392
93
4391
3152
3815
9217
9305
3198
1667
901
4647
4934
5690
9458
6746
1692
5642
1584
8896
5233
251
744
8773
2235
3124
1109
8677
4786
2074
4326
2246
3466
771
2989
6618
4586
8558
5923
4136
226
3177
8783
5160
8867
4594
8258
6912
236
9842
5808
5469
6445
6552
4242
8681
6029
1703
7358
7167
3777
8036
5765
3595
8807
8754
213
9746
7313
2489
3882
7539
5666
9018
9051
885
3612
7309
4149
200
3504
9957
5669
9949
2862
6264
8630
8891
4319
2341
2410
4449
377
8175
8044
5537
6929
4610
1635
4242
7099
1869
8133
9117
887
7184
6354
851
846
504
1051
4350
6813
3073
651
9675
9337
5634
4918
3656
7975
7328
8105
4704
5503
2502
241
8785
7112
1876
3027
4211
98
7513
9680
985
4697
2386
8189
1895
2890
9240
6245
6056
2313
6897
2083
8002
2531
7002
1659
6858
682
6116
1562
2538
8618
1804
1323
5730
32
702
6293
6482
8215
2325
7468
9265
1064
5657
1160
306
1249
7406
6362
9915
655
8446
7917
9538
1800
9576
6396
2482
2045
4310
5020
7015
2466
6343
9098
8851
7046
1743
5333
5261
421
2801
878
1485
4810
2039
1791
2412
5797
8154
2327
6452
6600
244
2342
8400
6173
5090
7234
4570
9400
2255
1585
1867
4950
683
718
1996
8779
6051
3610
9200
5205
4488
685
6367
2879
2476
8779
8676
6982
7458
5128
9934
7703
3822
4686
228
8912
1921
4798
8313
4176
2735
180
5478
9771
898
7475
8550
3301
7437
7750
8506
8277
4787
1226
1157
3615
5
9833
598
3816
1314
532
1519
5136
5219
8099
4049
3492
9249
2362
4020
1984
8894
9498
1755
6144
3325
6657
9445
762
4407
4304
5392
5546
5530
6549
9162
1887
2734
9760
5703
4048
6644
3574
5537
8215
1673
5938
1707
922
4652
5727
9259
3546
5226
1014
6042
8551
4024
5487
5666
4783
6143
1058
330
1673
3959
9492
9913
6693
5604
5616
7094
2248
9191
2631
6816
7216
8569
8523
4491
9573
603
3750
3119
2181
1116
5513
7084
5140
1000
2750
9924
3496
160
254
1521
4119
6098
1434
7165
1702
7051
4259
302
2594
3242
7118
9810
8163
1994
653
7736
2597
4403
7207
4778
5520
2720
1862
7012
72
965
6936
3568
1125
3542
1442
1597
9640
2876
8762
7694
6279
9373
7997
5225
8967
1467
1388
7130
3461
2041
1218
2410
6445
8425
3540
8317
7497
5403
5329
7569
2720
2266
7490
197
5808
8932
8146
1801
8160
3260
9495
4440
2633
3844
6017
1600
5312
7405
5082
5125
9447
6300
7536
2244
1077
1076
561
8574
2831
5890
6144
1903
4508
9986
2101
6669
8918
6599
8470
7078
9860
7965
7870
8845
1810
3888
446
7122
7645
1880
8599
7092
8181
2487
5688
5610
9916
6249
4185
2747
8492
6681
1003
9352
6667
9456
6021
1937
6055
4491
9015
5915
2457
3238
4761
4267
3478
1559
7741
1123
3439
2692
4568
7972
5180
256
9935
5096
2858
4120
4195
7702
801
5198
7054
3820
4654
3076
5757
7062
7567
4772
2977
6376
4362
4090
6995
7840
2001
1088
5316
1793
3781
9884
9765
8961
6492
9700
4057
5702
172
4604
3404
7325
9803
459
1145
809
9887
6902
7871
7454
8027
7201
183
8741
7643
7178
6582
9645
8267
8250
1438
2048
8134
7555
7361
978
3608
7770
6681
3780
2374
6437
1106
8529
6896
8603
9339
3135
1858
3562
590
9885
7115
7125
8626
4759
4303
1560
4404
8922
9810
5842
970
4296
3397
4683
1627
7005
2453
8308
7138
4828
4745
4596
9709
7001
3199
9048
1129
5057
8963
8071
1294
6078
5196
6273
7189
5852
7833
1593
4774
3996
3787
2097
4644
3537
6780
6271
6894
9234
4579
4032
414
5677
8628
123
23
8180
5524
7504
9589
4487
5576
884
6917
7124
7157
4107
2976
1342
2052
4103
1690
5840
6200
6335
9377
2980
2606
6271
8566
3538
6656
8980
5567
1636
5456
5590
6168
980
3094
5758
1819
5022
2994
5088
2147
6503
9195
1475
4197
7600
5578
5888
9792
8130
2223
9169
7463
1181
1792
6029
4719
4800
5010
286
2789
466
2228
8957
7798
5323
4715
9617
6697
4061
4705
5196
564
253
6672
4762
4205
8602
650
3997
3085
9225
9518
548
406
7662
6577
1478
2463
7939
8116
5252
4757
345
561
2555
2020
5277
8524
8717
5690
9582
3914
6255
6187
6938
1017
392
1892
8019
741
4977
3596
259
5525
4002
4273
8455
1832
6736
6394
9949
8340
7504
294
8902
59
2314
531
4936
7383
6221
870
1297
8828
7057
4587
6197
3801
6480
568
894
1457
4164
1153
3335
4519
5426
1790
6351
8515
4536
2652
3207
2040
2946
8461
8452
1612
5344
3388
8996
7918
610
6645
6746
4019
1233
9296
7820
4065
9864
5066
5522
4029
6219
5209
8548
7997
3351
1251
2864
7888
3904
6072
9928
3202
885
4732
4815
6230
4472
163
4148
5082
3160
7246
9101
745
6542
3273
4810
6407
8339
6685
436
910
1894
5336
5260
5246
2939
8124
9486
6843
548
5766
6398
1434
499
1213
4016
4971
7728
8164
6406
888
5410
5507
1634
8305
5133
6444
4712
3472
9481
1500
735
1376
3188
5995
2974
6127
471
2460
9323
1020
8226
2073
8806
8725
3286
2822
49
7366
7338
6455
4606
9100
8314
2592
7405
3447
5389
8469
3272
4870
6321
4007
6246
9509
6354
9220
1989
6825
8032
7664
4197
6259
9737
9355
4984
9375
8529
5033
3093
5867
7840
7699
1320
6155
292
8725
9602
2033
3547
9226
6903
9868
3233
9502
5730
5939
5074
7719
9117
3107
1735
3314
9366
1472
9022
702
7199
7551
2088
292
9771
9928
7991
1091
2435
4635
6168
2038
6668
9715
1264
3572
5936
850
9426
1666
3141
4500
5737
2258
7607
7472
1925
3325
8944
947
4028
6143
4850
6116
6435
4621
2396
778
5712
4832
5414
1881
3222
8434
7948
838
8358
3884
8040
7784
1902
1182
2285
7639
9792
6244
5111
1717
9570
407
9016
3598
2902
3867
6066
5689
4840
4814
6468
553
9646
8234
8786
9220
6668
3086
59
5027
3323
4451
9163
5225
5633
1448
2865
5426
7693
7976
3495
7263
8384
8864
7213
7638
2731
3279
3328
7571
4445
9796
4476
444
8030
9614
9664
1050
9053
6075
2429
2376
527
1593
3953
2512
9393
6818
4290
7086
1147
7786
701
5883
6650
7914
3521
5733
7545
6849
9656
8343
6645
485
8787
1027
6451
8451
8430
5504
879
7211
4232
7758
8804
8186
270
4550
5004
4561
1636
2503
8699
8691
8386
1701
2956
1908
3786
6854
5109
9794
5197
8107
279
3984
5486
3083
8787
3916
4939
6018
1128
9172
3776
6284
7358
4047
834
8714
4960
8823
7570
11
3865
5956
8064
6821
4216
8202
27
9326
7996
1576
3785
4628
1912
9271
7711
700
9540
9002
3070
7020
8174
6847
3304
1884
7246
491
6951
2206
5666
4521
8569
9531
6829
6633
2704
1046
4835
2732
6724
9183
4308
509
3811
6221
6132
7874
3273
5672
6877
6343
2692
1403
9542
5997
3288
6788
2840
6591
8994
8506
1112
3915
4389
7941
548
7093
5339
1735
6177
8415
919
486
5276
1082
3059
1409
8957
2684
7081
2186
9027
6126
3589
4922
8475
6877
1710
1315
3468
7057
6173
932
972
562
5226
7873
4007
6917
9608
185
5333
6879
7023
6961
4314
82
8370
3271
2766
1804
1809
8145
7930
5398
3067
6405
8628
4778
4072
8448
8187
245
9381
9159
7159
959
3384
1166
7876
9345
1351
3209
6224
8374
171
538
8456
4893
161
7574
3049
1970
2072
979
3721
1491
3736
2349
2621
7808
797
808
4405
6530
9968
1564
7489
3352
2731
5366
2697
4082
4927
5274
8809
1450
2164
3617
2696
8678
1192
5745
7000
9616
6725
721
1107
6813
9422
3729
974
220
4537
5379
3102
857
3296
592
562
6027
5958
3259
6461
7237
4885
5270
8688
3402
5240
1384
2080
6432
7129
9080
2400
206
6154
3507
3372
5576
7236
4346
2148
1774
6077
5251
2631
9373
2195
3193
5400
4505
2805
8214
1742
4042
9836
6782
7444
5076
4518
9524
7860
8000
4957
260
8206
1111
3768
7930
3039
7356
2276
5188
9130
8354
6791
8114
7727
5338
7659
9480
9843
6816
4046
1585
859
3882
4720
8303
5311
9238
4180
3171
7238
5489
9784
1797
6600
9904
9727
5991
7260
2004
7531
6391
6710
674
857
789
6012
8516
269
5855
1685
4315
3793
2544
4550
8513
7199
9861
4103
7731
3032
1342
3220
9168
9491
6172
9072
9218
8516
6333
7574
6047
9076
636
6722
9933
1426
2734
4801
1695
4942
6486
2363
5087
5382
6913
3600
8934
6774
4055
3017
6158
1749
6238
5327
1240
8762
751
459
7278
7084
4385
9678
6160
5022
6400
2445
6448
5486
7247
4495
6780
85
6858
1867
1820
123
1819
7106
6897
5875
123
9408
7624
2713
1087
8865
1476
1838
5676
5106
8923
6413
4784
1435
1435
7536
3881
4235
9375
7480
8731
6155
3917
1941
8023
5737
2065
6194
9195
8962
2069
9319
4722
6046
2032
5809
1263
9860
7648
6939
4967
2923
3352
6103
4358
1140
3640
8239
5375
9367
5719
4106
5522
9637
6048
9897
1726
4465
2444
922
3427
4513
6593
4502
6911
8625
311
8174
4838
4311
5113
6157
7234
4818
8612
1593
2310
8604
6184
7685
7971
8256
8144
9846
7893
544
9743
5971
5009
8539
3245
4788
3053
9838
9290
9964
4816
5954
4491
9654
265
9604
2163
7500
774
775
5445
3084
9380
1629
7122
7351
9885
5266
7197
4130
2162
3293
6454
7171
1832
9699
8311
1237
9538
7602
7554
706
9908
2045
6712
173
8001
8875
4025
5128
6002
9470
4564
5382
1100
1686
9086
7337
3304
2635
1468
5466
2280
7922
8989
465
3973
7301
8054
9863
1255
5608
569
1163
4005
7281
7688
8359
2508
1714
9839
4863
1184
4403
245
8636
6090
5683
5974
5746
4671
3794
1213
6951
8068
6554
3768
8393
3855
1823
8257
1462
3783
5178
8977
4141
8812
6666
2500
1320
8380
2339
6183
5916
3094
2781
905
9184
4816
6879
4931
9487
7025
2496
2791
1445
9050
6559
9838
9258
8382
8095
7072
2166
3274
6050
6307
2086
9068
5159
9758
3800
3850
2294
9716
6944
1427
6973
2481
6243
3852
3764
5731
7229
2612
8522
8674
1662
5081
8513
7272
9816
6608
4345
8334
6234
6747
993
4672
5815
6152
4431
9615
6354
3077
5683
3298
4504
2657
2131
747
2861
5895
2830
91
4859
7704
5117
6522
9138
3630
146
8954
6591
843
3640
9177
7590
4633
3850
3405
7137
4633
9372
3491
7710
1408
3141
8566
417
1625
5665
9630
3872
8496
6073
8732
6200
1191
1606
1690
1173
1752
6996
7764
2596
636
3294
186
5269
7144
9944
2406
8129
5668
2249
5839
3428
1743
4405
3845
3368
70
9828
3592
4918
5901
2324
7471
7092
3930
9161
4618
5683
6158
8734
4631
6794
2028
4817
8416
9172
1113
7174
3653
3134
5776
9492
6562
3871
249
6760
3591
6672
6588
7183
7942
2489
9508
5413
5934
3438
927
6904
5473
3437
5638
104
6583
7667
1274
1351
3191
8739
8526
6845
1873
654
2689
8436
4525
9291
5196
8116
5963
8136
5299
257
6977
4807
2023
2911
4598
2950
9815
71
2739
1806
6528
9322
9473
4154
7026
9016
2893
5552
5861
4767
6206
4903
3203
731
4194
4751
8847
6509
9239
498
6766
6216
5306
8789
5480
6256
8091
1647
2679
7182
3453
9207
2857
9278
3361
9883
8295
6255
1787
508
7374
7993
5411
6929
5076
9605
1680
275
2466
7271
773
9233
3487
2431
4374
5319
8687
8818
6967
1367
2352
6772
574
5209
6051
288
5092
698
2895
6879
1206
269
1224
6618
7198
2652
2575
5230
2927
5042
2501
3701
627
2340
2484
1353
7660
1172
6523
979
2539
8876
7751
9465
4085
154
6105
5530
852
9000
8761
2059
9269
6338
5029
6467
8990
3956
8049
1918
5350
550
1971
5977
2891
4455
3683
6903
1979
206
7882
870
9082
5633
6688
9520
5788
2793
1402
2992
8146
163
5051
3767
6501
6432
235
1844
389
4636
3762
5739
5187
2085
8069
4430
2892
1752
1333
4872
8310
9215
2094
3745
1200
36
8782
9617
3340
7928
1019
6333
6074
7534
7736
9841
388
4169
6428
2232
910
1065
2346
3001
2604
4431
1070
7034
3675
9174
4719
8547
7485
3934
6994
7582
1486
5776
7199
4827
3704
8218
7512
6130
2104
1600
5972
2492
5769
8752
1076
3031
9817
3422
6033
2421
4205
3455
5807
7881
2630
526
2780
6467
812
9774
4049
2299
5551
7600
3478
5607
5818
7342
1738
4274
8942
4062
6767
1064
2814
7843
4095
8984
1266
6480
7757
1823
9936
3565
9704
8918
443
2485
5385
1256
8611
5786
9907
514
3386
9737
6122
5556
7079
4212
9830
6021
8274
2949
3437
7440
793
3885
6424
8411
365
4182
6586
6653
4099
6291
5571
4542
5128
7308
5798
3739
9446
2057
4254
9184
1794
6728
1092
8873
940
923
1247
5566
224
1036
3006
1017
4921
9431
5780
1639
9965
2367
8292
4064
5010
216
8606
6490
3876
757
229
9675
9166
835
8859
961
3915
9952
6186
4855
7227
3785
6773
7451
4822
9780
4821
9743
5563
6953
7734
5528
5672
2379
9592
7034
2595
4550
3524
2823
1659
106
2498
826
941
7710
1787
4857
4014
4325
6064
1241
8111
2838
5044
2933
2618
9865
9028
4533
3171
6763
61
8843
5494
6005
5878
8089
6907
9402
7264
8567
5860
6115
5745
6802
177
3884
8011
4191
8209
4075
1784
2672
3265
6828
5605
2235
3046
986
6768
6217
4101
6829
1412
9595
9186
3642
4036
6094
9397
7652
1013
5257
3767
6758
2059
3944
642
6422
8135
5203
498
6271
7876
115
3100
9833
2351
6146
819
9119
8715
1272
2301
6479
867
1487
122
1255
3933
9519
8908
4946
4776
2675
1704
3188
2972
8698
9610
7459
254
6460
3731
8130
6576
6831
7963
8927
9329
5135
4398
4396
6407
6699
875
3627
8187
997
4882
2120
6868
3790
7067
7997
2818
5123
1185
5790
174
7147
3249
428
9960
3332
4910
2888
6515
9225
1815
2196
4360
2565
6592
7120
9265
3820
747
7452
4817
1981
5924
8038
2124
9343
6035
4942
819
7220
7084
993
719
6685
7773
679
18
2683
3567
6533
1908
173
4
8730
2621
4300
5322
9741
3565
5494
6840
7369
6664
5173
3293
4702
7297
8989
737
8591
9808
4309
5675
801
1380
2361
4926
2060
2379
7609
1979
5264
5869
3714
3994
8490
4366
5669
4583
4283
1163
7775
1652
7827
2949
1297
8881
6598
286
9614
5190
9618
494
4000
9618
5190
1384
3284
4348
1957
9782
2051
7222
2004
5765
7568
494
6483
3237
1430
766
753
9205
8770
4932
8506
68
3814
5105
1
2
3
4
5
6
7
8
9
10
11
12
13
14
15
16
17
18
19
20
21
22
23
24
25
26
27
355
8913
1539
32
4579
4665
6240
1099
3821
8260
9117
2570
5903
8684
3720
4085
8916
3827
854
6030
2164
5145
3241
9270
7901
2400
540
7961
8989
8978
9782
7221
8451
4904
6442
4032
922
4888
8934
538
905
8093
4920
260
2165
9677
9314
6773
9856
6520
9156
2020
1665
2397
1290
9567
1150
8182
3880
6491
7160
14
3712
5611
1270
6507
9643
2192
1395
4929
9083
2300
3022
355
8913
1539
32
4579
4665
6240
1099
3821
8260
9117
2570
5903
8684
3720
4085
8916
212
7598
8930
276
9561
200
6783
5557
8744
4531
486
7827
3183
9861
8183
2096
7752
4567
30
627
21
515
320
588
752
219
278
922
624
35
258
486
499
27
643
116
211
664
486
472
777
429
528
290
433
136
777
502
357
160
481
731
675
802
671
427
21
949
350
997
985
960
483
836
987
126
305
551
790
791
375
919
220
255
209
6
392
339
508
101
499
989
832
174
791
856
953
164
805
655
161
142
616
644
331
955
122
636
506
265
427
233
184
999
489
746
357
881
85
865
982
584
207
167
110
998
23
415
515
180
71
676
675
39
673
6
994
795
642
853
412
421
86
949
772
927
695
130
808
780
347
143
716
554
310
178
905
685
593
420
865
16
448
138
22
343
4346
542
6652
693
2813
3478
2490
407
774
49
299
551
600
478
607
818
342
738
274
942
62
767
64
814
843
95
984
266
480
757
823
936
565
704
918
443
485
385
256
611
786
907
182
453
207
857
278
361
883
295
255
787
508
374
993
411
929
76
605
680
275
466
271
773
233
487
431
374
319
687
818
967
367
352
772
574
209
51
288
92
698
895
879
206
269
224
618
198
652
575
712
173
1
875
25
128
2
470
564
382
100
686
86
337
304
635
468
466
280
922
989
465
973
301
54
863
255
608
569
163
5
281
688
359
508
714
839
863
184
403
245
636
90
683
974
746
671
794
213
951
68
554
768
393
855
823
257
462
783
178
977
141
812
666
500
320
380
339
183
916
94
781
905