6046 5258 440
9847 9957 280
1512 554 103
3864 5170 359
9113 7197 162
2386 3315 301
5447 243 485
8809 4290 316
8946 3129 109
794 6594 429
3742 2640 187
5183 2488 496
5815 352 50
3918 4217 73
777 3330 122
439 2068 289
592 7516 33
3929 6325 323
3745 1624 304
7207 2418 398
4636 6160 391
3675 7695 231
9023 3511 83
8574 7429 152
5999 8207 334
6973 8646 403
1262 5591 271
2147 9520 448
7322 9618 72
5627 6825 342
6877 7813 355
7120 7840 50
9851 6863 61
9287 1789 491
2939 7788 50
6274 1113 48
8029 8728 139
3652 875 160
5600 4550 130
9173 6529 307
7867 9758 120
2722 6879 460
5273 6730 323
7686 6017 113
1177 5309 253
9227 7935 219
2276 2316 447
7267 5968 174
5427 1568 224
5909 7093 105
3216 4961 364
4688 4035 243
7648 5660 325
3824 3347 195
1789 876 356
3894 104 291
7113 8732 107
9060 5999 427
8235 7779 347
8311 3688 441
4917 3257 254
7633 7945 141
7228 5594 302
3553 5770 149
8600 7559 25
8956 7805 481
3599 4919 65
558 331 65
3485 8566 196
4333 3230 236
8626 4499 493
7880 2132 291
7521 9360 385
9175 9265 7
7824 7866 418
3702 6822 223
6035 6774 142
7101 7332 474
518 818 392
1714 1503 122
9302 129 473
3796 4361 105
2587 1882 317
3324 7410 83
6183 5234 301
6601 5288 123
4824 1324 249
7967 4777 82
7793 5295 252
6185 7009 255
4160 2663 384
2985 6459 245
7591 5398 479
4260 5074 389
3843 1257 124
7644 4210 264
4620 9035 88
8369 3354 365
5803 1147 12
4055 3684 373
3810 4196 37
3694 7182 348
7939 1125 247
6771 1737 173
6660 5581 283
8136 9577 493
4901 549 28
9341 5271 234
8559 1074 233
3071 1482 270
945 5292 466
7834 5339 0
1182 9630 477
6281 6401 215
6455 3062 148
590 1198 77
2583 2451 479
9964 1793 250
698 352 176
8932 9775 158
7202 7072 303
6020 4906 142
8373 2441 272
8202 8722 174
9769 1529 88
3269 2119 286
6347 1055 238
6326 1019 383
7928 8069 87
604 3353 362
4763 555 287
566 2928 45
8060 7653 486
8832 5855 61
2358 1977 90
8946 5246 62
3085 7945 117
9675 4271 136
8058 8551 205
3145 9156 411
4359 271 466
2646 7189 246
8544 5249 251
530 4081 459
7591 2792 436
2534 8090 182
9596 1175 128
7713 850 251
3201 5260 155
6758 8405 311
3669 9117 82
7488 8115 271
4234 6659 372
1338 7190 305
4297 1133 97
9233 3667 188
5767 3263 215
247 7328 66
5351 529 178
9006 3640 84
1817 7309 201
1251 4797 316
7874 5384 328
9746 6722 370
8403 7371 3
3501 6604 23
3041 8723 138
3756 8971 467
1674 4322 348
4853 9680 488
2789 7849 150
9842 5452 447
5010 3326 183
6838 9424 257
2208 7827 128
5064 7680 84
1587 721 308
4077 830 131
3896 8856 305
597 61 485
937 2850 334
8587 9044 286
7387 4055 464
1570 893 240
5180 9454 67
9808 4518 100
3745 2457 173
53 2886 355
1684 6783 212
3989 7380 125
2326 8317 328
8512 3257 372
3798 644 427
5114 8566 321
5854 3746 127
773 9907 145
9725 3652 454
9399 3705 340
6254 1741 475
8318 2082 207
444 4408 377
1772 2920 134
2144 3070 278
2924 4536 344
4597 390 91
5724 7515 350
7721 7241 2
2175 2992 59
5867 9246 300
6343 3917 234
550 713 494
9427 8837 266
1561 7333 188
691 257 224
8388 4854 466
3479 578 481
4829 8299 74
6183 6826 66
1242 2694 165
4394 9037 434
9628 5939 147
1974 1719 336
7240 3280 169
1928 324 427
1152 8712 133
3470 8543 64
6951 9724 215
378 5907 394
444 3501 88
2461 7895 477
8395 3875 416
1394 5849 487
3230 3089 268
2400 1369 444
8179 8873 156
5164 2343 199
9080 5646 275
1296 6024 182
6690 2821 183
1130 5282 430
4607 30 305
375 1424 6
7863 1007 95
4983 9759 316
2427 4290 189
4935 9454 32
5986 8535 178
6761 6183 55
9795 9225 376
6330 355 158
760 1314 40
5417 8041 465
5923 2256 324
5870 7239 83
7186 6018 373
3727 7305 179
2611 3291 214
789 6404 249
1344 2551 326
4720 8881 181
9731 5993 347
4771 7762 389
7588 37 497
1412 5907 237
1347 9445 107
9220 9524 413
2900 2135 56
1466 2925 313
2568 621 364
2894 1694 98
9928 7777 443
8275 8900 58
1016 6489 95
6014 4253 355
4603 5601 152
5562 1173 177
3827 425 312
1736 1892 89
6049 812 211
9265 3706 257
7715 9986 34
8511 4614 434
7069 1982 275
5664 7996 381
2871 8951 334
9524 4514 7
5701 4693 433
4013 6429 177
1603 2478 341
6166 8096 47
2423 5811 34
6457 4322 148
5743 1391 130
1519 3408 479
4252 6279 282
2586 2155 148
2093 7856 342
8378 8222 271
2907 9825 102
8248 2343 198
3648 4766 9
9034 7575 184
9034 3318 75
1016 1189 335
7347 5441 467
2630 8027 122
5130 6473 331
5972 1203 53
9596 463 230
5698 5063 73
6248 8711 339
2609 4097 414
3293 3131 84
1721 4148 274
9908 1495 67
4375 477 95
7350 5608 420
8181 7932 123
7234 7528 86
8816 9578 2
6389 2178 213
5080 4788 311
4994 4433 294
930 2506 294
1704 2415 290
4272 6790 119
1219 492 79
4639 8673 12
5614 2259 392
7053 1075 323
3555 3816 353
5120 8896 493
4431 3890 427
9578 1173 285
8872 2877 200
6014 3501 343
3634 1072 335
3213 5711 361
7077 7678 120
4822 4731 48
8497 8286 364
4350 3406 261
1344 4190 3
9123 3768 176
9408 2640 406
2109 8655 259
7952 8641 332
639 8206 395
2000 1636 73
1973 6458 304
3021 4955 442
4237 9305 349
7998 7001 391
8354 6124 11
3530 5533 151
4288 3994 158
8548 1946 151
232 8937 358
7627 938 494
2701 9263 304
8857 2284 259
3300 6521 416
7501 872 418
2244 9226 42
755 9108 75
8258 3397 69
769 1945 367
1920 2177 157
1278 6156 95
8624 5209 358
2428 4067 494
1187 3719 367
5604 7572 239
3374 6168 317
916 6923 426
344 5181 323
3765 5950 120
5485 4223 149
6142 5501 157
4089 478 367
1299 2906 434
793 446 5
9512 2402 429
9104 5776 97
7921 6692 20
2199 3388 53
9874 7154 356
9494 8991 79
3995 5133 432
4653 9222 410
6872 6873 317
6806 4018 263
3163 3530 165
7092 2634 293
3541 6908 337
6913 9107 226
5466 8982 232
2674 4828 223
4105 5176 208
1038 9829 282
4800 6701 155
5117 9859 173
2232 9374 55
1749 2818 42
7042 6359 450
1732 3272 409
3458 5090 391
5042 7765 220
9265 1870 248
4973 9260 77
2607 4061 130
762 5530 341
9287 4115 215
1342 5864 385
2384 9259 244
6686 991 368
96 801 458
2487 5843 75
6059 1460 298
4807 6433 58
9736 5392 471
7718 6154 2
5559 5441 117
9126 3135 333
5511 5520 444
8255 2206 287
6975 8654 88
4434 1142 431
2361 3553 391
2159 4713 176
7570 801 68
3393 8520 74
4747 4079 367
216 9558 3
7902 5069 375
4846 9677 433
9134 6652 88
574 7438 82
1506 6152 487
249 8311 200
1778 2233 2
8698 1979 374
1773 6726 453
2992 6943 11
995 4845 433
7222 6043 110
2008 5177 114
9096 5752 405
30 3610 57
4517 211 220
70 1989 454
72 688 433
4946 8813 11
251 1805 454
5115 9153 151
1400 6375 195
7362 8383 224
9976 3831 476
2733 3861 438
5290 4731 150
2511 4801 139
8317 1225 179
6102 2523 492
613 2774 150
8420 4241 303
1071 1993 30
6118 9355 266
6343 5684 97
8671 8417 311
4610 3708 42
7112 6219 343
1603 888 420
6783 6990 443
7127 7603 69
9277 2375 311
580 3447 304
963 9565 160
9729 2260 196
8678 932 113
7841 5542 321
5383 9006 392
4078 609 280
3998 7392 270
6441 4520 226
4363 149 101
174 7082 48
4330 8045 466
7842 7774 78
7038 2804 10
4652 646 404
2325 2381 410
6218 2812 20
998 6810 264
9121 9604 136
4847 3967 286
2948 493 368
849 1175 413
4667 9018 39
745 2408 195
7756 3412 341
3012 5738 223
923 1956 35
5795 9306 197
8059 8427 153
1196 3274 472
834 6223 317
1202 3424 493
5967 8091 363
8506 8836 123
201 2944 36
8895 5957 274
9970 6880 82
3857 2675 388
906 7086 316
7560 4634 90
884 5468 165
1054 3022 89
6047 8989 180
2762 3847 369
1885 401 313
773 9296 270
5399 9266 2
1981 9475 29
7870 381 116
2186 4293 102
6128 5178 71
6294 6232 445
6235 8631 435
7916 7745 134
4785 5982 35
950 6756 331
6721 2155 449
5723 489 424
3753 8359 158
5221 6897 451
1323 9377 129
9246 5671 213
192 1907 196
6479 6175 441
6613 7312 276
7149 8262 384
3332 1335 391
5134 7059 380
6410 7164 91
8068 8737 340
372 6412 218
7853 5659 241
1567 2203 148
6615 5034 175
9409 7999 339
8185 1500 102
69 4833 437
6812 6319 348
7693 9081 364
9636 3502 101
8477 3874 14
6695 1727 25
6936 9646 80
5437 6262 466
112 5671 465
8452 208 466
1406 6629 151
5695 3441 470
7044 7486 403
1908 7123 405
1862 5600 279
1876 2295 7
253 9231 5
833 1020 267
2799 1133 290
9116 5937 498
582 3695 127
3233 9390 421
8555 2786 407
9311 1047 30
7216 2909 130
5348 1137 425
5207 1390 9
4712 8575 29
480 7726 14
4622 6842 303
2621 7425 498
3600 7010 241
4373 1918 27
6281 1229 74
5311 8445 483
6294 145 472
9571 5352 362
2080 65 437
1962 6897 163
9328 1519 358
2632 492 283
5982 445 145
8723 4818 415
603 1099 144
7177 6411 442
3013 9057 87
9985 8628 440
4700 709 357
1637 9023 254
2653 8351 273
511 7335 118
2146 3318 63
7143 8393 381
4059 8996 481
8555 2526 244
1497 5539 301
937 1876 429
5729 6576 490
586 4566 365
2340 3571 217
1965 4082 404
2083 2580 74
2646 6075 468
8028 134 316
861 8690 342
6457 6539 233
1110 7476 110
4391 3205 38
4734 143 104
4099 2483 175
8168 4449 109
9573 6532 41
6999 9179 117
2819 3559 103
7636 772 293
1330 7229 185
6916 4691 13
8026 9082 71
8416 3816 214
7021 4268 198
5548 2436 499
8158 8361 31
9699 5361 62
3668 8180 473
7772 2168 245
6917 3499 326
2602 415 17
2116 4793 100
7539 9561 268
6753 6582 36
4803 2131 473
7302 6641 186
2686 6340 47
7248 9 80
1722 7781 248
3319 4698 99
2146 3653 366
5663 2121 11
4615 9660 73
7384 2765 155
772 7569 138
6597 4871 279
784 3909 472
331 1158 333
763 9232 114
7012 2551 164
9463 1049 169
2330 6713 290
2693 7680 302
6266 5064 68
2774 2189 137
1412 8786 360
3044 9570 270
1016 6254 280
5349 7017 12
3815 381 415
3331 9845 465
6501 8527 30
8143 1220 210
9446 7487 127
3514 6613 316
1503 4377 102
4363 7421 25
7485 4789 279
1765 6490 148
1629 6657 30
397 6341 375
3862 9194 254
392 7337 474
954 3135 313
6581 6649 426
749 4504 156
3704 5220 77
6229 2705 219
5008 823 61
7156 8804 219
6038 9201 412
4765 3063 106
2019 9807 443
6846 7114 79
9159 3695 80
4438 797 437
4094 4501 157
7523 730 214
2094 2090 37
3156 5598 342
7227 1637 43
7639 6402 459
3597 4774 118
6892 1620 232
6971 7131 280
6404 7921 429
341 2015 430
5850 5891 12
4064 7985 102
3102 7493 200
7296 1072 189
691 5063 444
3502 8660 218
6121 5553 190
2205 8876 321
8337 1632 243
5266 8325 110
6696 4175 353
5208 8240 191
2162 7694 36
4715 1342 109
8904 8385 24
5848 1888 37
3918 4361 90
3608 2918 318
6782 1256 303
7877 2874 128
7339 5923 304
2693 7483 396
2384 9646 442
5920 4361 136
6881 9617 21
2906 1818 409
3943 5736 122
6885 5697 41
5055 2479 149
4858 6708 23
2987 4047 298
1643 6740 282
4891 5476 280
5833 7749 141
821 4630 110
7842 3888 428
3104 4183 17
2726 1068 214
1619 2476 45
1768 7334 253
1144 6673 300
6442 8316 393
9224 9559 369
8004 1744 118
7497 2565 101
2960 408 489
3888 3512 25
3257 2590 93
8323 4210 69
5868 5978 256
6473 3474 429
1126 9917 98
2519 5493 157
5740 9850 402
359 3699 467
2312 6659 227
8153 6900 91
8178 6509 182
5624 4833 392
5545 7053 222
2801 3527 197
3083 4653 466
1681 3524 311
6190 9264 161
6092 5975 213
4912 4639 224
491 2793 476
9583 7323 486
1265 2947 319
3509 8493 224
1731 7646 103
9780 7081 256
4098 8762 132
3910 4953 249
9923 7397 224
5988 8661 364
8713 9153 9
4689 8736 332
7175 1 280
846 9862 125
7923 1593 123
8526 7726 205
135 1824 467
5267 2086 272
6016 2010 22
9093 7998 183
457 3063 336
7318 7753 72
5150 1280 425
2282 8479 287
7907 6402 233
7531 1280 311
588 1415 135
2407 6683 74
9180 9051 84
6054 8144 434
5237 4953 498
3574 2271 103
6998 3774 235
424 6056 66
63 3964 320
1296 7847 101
6607 8435 16
95 842 51
5669 6374 103
9605 2428 99
7891 4018 53
9241 7592 176
8344 4590 450
1432 1366 7
2998 1430 323
7319 9078 170
2920 2038 457
6288 8485 151
6340 506 378
5443 111 158
9042 8002 176
3947 7244 268
7476 1940 211
8426 3372 429
5433 6371 211
9108 42 142
4278 9314 32
587 5602 17
7739 1942 23
7617 3737 134
6275 9132 488
8952 3079 84
5572 555 25
3135 5334 249
8417 7119 472
5128 6228 14
7270 506 328
7802 7446 283
3171 5185 225
2694 9154 463
8680 1781 95
9021 7085 26
6605 2658 434
6130 2145 268
1732 562 387
3704 5691 115
5719 9313 474
3399 3468 420
6682 6639 457
8260 5686 111
7223 718 392
1670 9739 478
9196 6345 488
9982 8827 485
9750 559 48
2990 616 91
6105 6335 256
2431 6086 76
9851 9121 216
5160 7381 254
3271 4604 472
9516 2626 212
2846 8174 409
5186 8157 88
9671 4259 0
1071 7249 116
4514 9707 451
7271 2138 389
9847 8342 10
5415 3502 391
6669 6774 347
4994 2642 325
3058 1840 0
7467 7026 9
7055 3049 268
3555 4121 18
671 4987 225
474 2258 215
6364 8458 57
7726 225 60
6470 3247 186
9817 8241 180
2143 1299 20
8995 5118 46
4004 8525 447
3272 8433 68
6142 9104 408
8719 5931 166
3435 8647 476
6492 6373 54
9404 2843 301
5442 9013 394
4122 7508 45
4642 6503 15
8540 6859 40
5488 6483 473
2908 8978 430
5316 7697 361
6335 7484 360
5811 3977 85
8217 9733 429
7518 5176 294
7764 9298 154
9309 3941 9
2324 8833 368
217 4321 203
190 7230 181
1972 8898 379
9685 5233 363
6045 7397 192
5131 5614 278
3412 9485 454
706 7249 104
1860 2911 397
5869 1587 231
3089 1804 404
6792 8347 486
9474 319 385
6205 5 470
420 2402 367
4965 7533 334
5595 945 319
5049 8003 420
6505 6215 331
1903 8436 271
2486 1525 75
7390 4670 274
5877 496 446
9614 3053 303
8584 9825 205
4952 4790 91
3286 6737 388
7457 8138 244
8877 4644 459
9561 6547 248
1832 9033 273
2259 2775 295
7386 8652 291
2832 8266 196
987 6851 22
5192 8155 164
3283 7793 402
5024 1602 40
4768 479 184
727 6392 83
7827 4576 468
6453 3188 244
9748 574 248
9892 9758 15
3088 745 218
2462 2289 225
6627 1925 18
3881 6949 120
2921 1717 451
2958 8796 196
5893 6624 272
7862 3077 460
2606 9177 386
8706 9069 496
6721 8510 241
4291 972 383
16 3951 308
9886 7832 109
1358 7106 326
9662 64 474
4358 5957 450
9982 171 379
8795 9129 57
8181 7836 478
30 909 340
6271 5201 165
1154 1569 116
4314 7808 301
4423 9166 407
2601 8828 323
5928 9538 132
5878 9521 304
1610 4668 433
6519 9201 269
6849 9231 31
5690 1855 232
8207 9361 153
4675 3676 461
8976 8099 128
6735 7053 308
4558 2981 347
4691 5211 220
1347 3173 240
780 9692 441
4402 6542 173
8933 8584 28
5017 3143 389
2670 7818 417
8132 6795 17
9112 3530 422
5272 4441 403
4619 9132 466
6191 6831 140
2431 7611 184
4225 8365 226
8898 3650 162
1778 5019 305
7667 4042 124
3585 8526 271
3954 7638 153
7728 2910 94
4483 3882 78
6449 6425 409
7941 5209 373
9126 9434 238
3204 8332 241
2219 6462 112
8024 481 154
8000 418 180
1123 724 170
7777 8452 81
8871 2935 315
1802 5737 92
5211 3678 301
2584 2804 235
4675 2361 419
6768 4580 233
3880 8956 215
5035 3309 133
4715 4432 358
4738 8561 310
7671 3785 98
4486 5587 335
4078 798 365
5232 3383 22
5819 4410 383
4739 1178 315
6472 5058 271
8687 93 432
7673 1161 365
1031 2251 278
9193 9922 63
291 4408 150
3478 4838 301
344 6422 36
6366 2242 446
1101 6981 476
416 9805 34
5039 4845 480
2972 8870 493
5337 9901 244
8967 5446 166
6383 5738 426
9385 5568 116
3186 5912 39
3074 8630 281
1020 9731 114
6496 6499 271
3383 1539 468
363 4511 338
1208 6200 91
7952 5167 38
4618 1550 128
8396 936 196
7012 474 461
2051 3549 91
5684 4569 175
2650 7418 174
9422 801 213
7390 7516 76
4229 8724 276
7320 3028 296
2210 3998 346
2838 2394 134
9035 5758 109
3848 4162 158
7291 9846 79
466 2497 349
6493 1919 2
4058 5661 18
6135 6242 94
4411 9915 122
559 2125 472
1906 4964 366
540 351 125
6001 4199 287
8659 1490 485
8591 8309 482
5940 4802 253
443 8860 267
8813 1347 9
2260 2111 424
8734 2670 50
9207 928 366
2073 7821 217
7050 3822 268
6189 8834 258
5175 7425 419
3009 9717 221
9115 160 434
882 5326 133
5243 7586 244
3168 6320 267
9570 5527 195
936 3953 16
2653 1003 339
1273 3545 25
5031 8720 302
3451 8081 19
3024 7196 32
7810 8078 358
3944 3322 296
2188 2842 116
9455 2412 496
4003 9700 301
19 8705 156
6210 9978 201
7587 1361 421
6389 1164 3
4909 4189 51
9941 8351 482
6651 2295 156
947 836 498
7915 6643 262
6763 646 462
9564 7018 19
9721 9580 497
3422 7168 358
2196 3557 375
9051 8466 64
3102 4759 267
7936 7762 63
6092 8709 399
3442 2977 394
3204 9740 41
9018 5657 411
3537 5378 491
4386 5152 159
6597 3700 217
9972 2751 35
3888 2206 295
6155 142 57
718 2587 119
2469 6029 448
864 5586 188
6257 4604 197
8668 4494 75
659 5232 80
6171 1829 280
8888 1801 384
6423 5689 90
5070 1845 84
1480 8915 171
2951 1385 201
7399 8601 287
7939 1210 243
4137 6230 89
2064 3241 322
5144 9412 3
8277 4652 305
4161 1076 494
8603 2498 191
3187 330 107
359 9633 344
9912 7032 297
5051 1324 359
4794 5461 89
1736 3877 330
3910 5374 243
7913 3651 395
3718 4164 323
1565 2767 174
7608 5954 356
2567 2665 490
5263 2577 374
2912 7628 198
1771 8775 11
6860 511 389
1543 4421 263
5638 2334 266
4385 2405 430
4209 322 197
9235 4282 151
4591 6850 317
5933 2113 394
4308 5026 375
4006 3149 150
5518 10 161
907 7905 434
8022 3543 120
8788 7928 25
70 8489 199
7767 7724 482
7770 8668 332
439 4601 297
5686 5261 175
8561 9268 325
211 1138 187
8724 8397 444
1658 6419 487
3278 1559 415
3656 1629 405
4355 5748 481
5689 3518 1
3873 3958 103
523 9644 216
2198 8205 484
3375 4768 122
914 3492 19
6358 5150 290
5345 4780 201
8613 8436 330
370 9144 430
9851 4833 449
705 8707 259
6160 9230 403
6876 7780 460
6861 7508 80
4335 8422 72
207 1133 74
2497 2830 354
2699 1443 291
881 8165 287
4812 4369 120
8613 5074 179
6372 1234 261
127 8110 42
8439 4971 402
1519 5659 176
4443 5866 309
2517 8363 492
5371 7414 287
3014 4648 453
6153 9460 322
7774 4425 396
805 7149 482
3067 3628 92
9461 2067 416
9715 9938 75
8391 4381 293
4553 3250 8
3545 8621 423
332 7988 423
1637 493 383
7311 4619 160
8059 5425 309
41 4844 437
134 4305 356
7902 4020 294
1329 8763 27
622 3316 277
4630 6861 250
2405 3546 90
4828 1535 84
3063 8847 203
5723 6906 128
1884 6948 324
1673 3434 129
3529 1336 1
1675 2665 265
554 3287 433
6331 4269 147
3434 6675 45
8524 7855 80
4108 919 427
664 2994 186
2644 4879 134
9469 2904 420
6950 2786 256
4804 813 273
1421 1368 412
1354 4051 181
4501 7485 208
3898 6010 64
8479 6470 483
8258 3486 477
4944 6131 208
4930 5600 113
4702 8902 251
9458 3706 64
9583 5127 432
2995 6482 484
677 7335 469
7737 1234 331
6301 6065 154
2136 675 140
4614 1972 123
4674 6902 75
7639 1605 478
3390 7415 184
9955 6999 164
4239 6346 146
6223 7023 333
2045 4761 419
228 7414 336
4882 9551 12
9375 517 484
9998 5191 238
2574 9183 343
4052 2573 111
5588 8880 462
2252 3120 308
1750 5695 184
4936 4092 297
9355 4321 211
6192 5555 262
3704 4930 279
3188 4929 323
2278 7503 358
6622 7907 431
1085 3495 164
2547 2100 136
355 3850 183
1539 8786 276
3836 8142 97
9900 686 152
9162 742 83
5294 282 364
2969 2560 367
9827 5534 274
5610 6619 121
6626 9166 221
762 5874 424
6946 3765 210
3574 7602 204
8171 3854 242
4675 3016 484
6110 4662 266
2474 3983 179
2693 162 213
819 2125 333
8793 8751 351
2514 5866 77
6438 9164 343
5501 2738 297
2705 7261 151
6948 8288 19
8284 4399 34
9903 3225 17
4082 2271 180
3795 9442 157
6480 8235 408
8332 750 126
2409 3540 290
252 9041 28
8401 8099 289
4052 1399 78
9072 9683 329
5106 5938 406
1475 20 29
8007 3816 472
6664 296 207
425 4980 309
51 3742 202
8842 346 243
6722 8748 194
1864 2800 93
5294 8224 129
3123 9682 67
6881 7510 440
9263 5517 256
4735 8534 404
4794 8959 237
5604 5362 479
6306 4204 325
2401 7279 425
6596 9143 78
8541 4437 154
6522 3912 337
442 793 347
4382 6408 216
8490 1143 250
9246 5938 61
4983 7894 424
814 552 480
6992 2953 259
1917 5901 254
2347 795 191
1002 3669 103
5691 463 249
7890 4845 157
5606 9687 301
8209 8934 91
6122 269 337
9398 1084 389
6879 4428 194
7990 6345 448
8245 8693 95
9288 6047 264
7892 1738 228
3641 9628 425
2150 1586 465
1803 6147 251
7394 2270 20
3583 1668 456
324 4899 384
19 9242 82
1967 3839 127
7414 3127 174
178 7371 264
9758 1012 244
536 3163 330
1001 1318 330
3104 5065 452
5476 8648 472
8933 8973 372
3169 8992 466
3751 7311 157
9378 4725 284
7404 1255 156
7168 7366 20
9264 7902 35
6595 5255 354
2777 4711 419
1229 187 67
7701 9120 392
5425 8642 236
2391 2393 47
9548 8124 124
6185 5528 232
193 9049 98
5213 8313 352
6101 1260 459
1955 389 170
9226 1618 209
5145 9320 330
38 4745 324
274 3489 217
4174 9389 193
9150 1926 74
5382 2119 475
5332 3685 288
9536 9786 401
8995 8093 142
9517 7319 261
227 8816 433
6409 8854 178
1233 5481 19
4802 9655 409
6496 5157 335
70 6892 307
9045 2224 492
2685 8113 130
3938 3460 223
5581 2978 394
5194 9557 210
4127 2318 417
7805 9903 398
7677 4705 405
6938 7553 62
8125 3975 454
1432 9372 31
4776 2058 144
7906 2348 104
5481 4281 434
6727 9475 343
6790 3602 161
2059 7760 64
6457 1789 122
3214 8727 175
5128 6852 3
3935 8285 375
1318 9413 285
462 3672 134
9418 9153 267
7705 2233 243
5548 9023 197
2062 7434 309
2126 3891 98
9600 3457 325
4628 4937 30
3631 8872 167
2006 190 80
8792 7004 252
4278 2775 258
4045 480 343
9640 6028 218
5190 8090 152
8499 6569 43
9950 2521 352
127 7149 289
7157 780 162
8824 9139 204
6257 4283 209
7361 4913 484
7619 8958 316
6462 4951 344
680 6493 287
2332 1344 208
4227 1294 229
5931 7774 379
6221 4931 11
1735 108 2
3791 6365 285
2852 3726 198
4688 7698 9
7004 512 312
1701 7545 305
840 6229 149
6548 6809 296
4777 2740 70
6508 5313 353
5372 3400 461
3374 7192 178
2012 6396 257
5562 1085 307
8071 4441 171
8235 6142 216
4892 6982 446
2894 3530 107
2190 4660 347
5612 1168 13
3965 6540 413
8779 6267 457
6309 8279 354
3918 3841 291
5577 8265 232
7749 2852 227
7465 7745 209
9763 639 92
8870 9181 104
7070 4793 272
6935 5110 165
3848 241 432
658 2903 63
3864 6821 404
4507 2399 21
3239 148 374
818 3965 119
5380 81 110
3472 8951 291
8928 2373 436
9200 9308 46
8717 9509 288
4501 167 43
8564 383 364
2821 4890 115
5342 4481 115
716 1652 81
187 7032 14
297 6856 465
9588 5784 191
24 1336 499
1923 54 360
4063 4555 379
9106 9472 262
970 2293 4
7938 7635 338
5053 4704 490
2486 4891 22
0 5189 378
2818 4777 162
8009 1154 350
8860 3077 404
9221 7140 312
2452 6246 136
6067 3568 429
4571 1506 416
3909 2912 120
1251 1750 12
9273 1751 53
503 4569 182
7517 8930 336
5868 4142 413
624 9715 405
6288 2168 3
1424 8235 72
5205 9158 430
6622 9420 194
9094 671 445
6458 6297 196
9011 6800 117
2694 670 399
3882 2890 41
1796 3514 257
9553 6155 425
3557 3931 12
7481 9137 170
9263 2111 90
310 7557 262
6755 4016 59
1303 9379 211
6772 8425 381
1171 2308 271
6064 456 138
4321 9 145
1098 9918 76
6110 3751 213
6633 3015 176
223 3325 234
837 6432 102
7748 4087 481
1460 859 407
2193 8382 215
5817 4446 23
9307 5120 32
8952 2570 451
2528 5033 54
1594 1666 69
2770 1889 246
7856 9079 30
3310 6827 117
8144 8287 328
5051 6833 62
618 2650 361
6641 8309 333
9025 7261 403
1328 9789 436
7383 7735 102
2804 6858 344
1551 4714 423
9433 4377 102
1403 2521 390
4231 7572 75
8146 4542 77
6507 7535 386
6340 6560 147
5095 4241 288
2532 1624 24
7986 780 382
1682 8683 448
4457 8117 325
4060 9520 346
1950 103 270
9377 8249 164
9454 1108 199
7840 3800 112
9839 8896 205
1627 7780 181
7503 5766 461
237 3801 145
7686 8258 262
5863 2318 134
6562 620 237
4832 9997 339
349 9451 299
7048 7291 100
3012 7130 348
3217 5110 128
1398 2613 246
6712 2851 47
4357 6889 158
6471 9104 476
8105 5666 97
9842 6851 94
2533 7200 398
6333 600 41
285 9965 172
3133 9534 134
113 7285 99
9211 3997 302
2111 8354 191
3269 4825 148
6745 2930 166
7194 9124 17
7641 1658 69
7539 4343 170
1080 4628 487
8104 7761 21
6590 4226 306
7690 3437 303
7992 5548 9
1536 8817 186
4184 1915 468
8850 9109 93
6720 6750 103
1789 641 298
3811 8074 426
5798 6178 39
7320 2769 265
2478 6811 202
5282 4803 251
9143 6339 68
7830 523 483
5798 5726 445
9243 2446 195
698 587 189
6496 4399 263
6922 197 293
1461 3869 62
226 6348 373
2429 7982 29
6532 7125 368
9452 4955 244
4288 7106 470
8233 6349 268
5280 7048 355
2969 3544 254
8732 467 304
3378 1928 25
4440 8507 373
8666 7288 207
4047 3820 333
9415 3272 140
8011 7560 246
5981 2145 96
9101 7426 144
6457 6747 40
8211 1832 7
2867 5210 288
1393 6002 147
2618 1020 435
1826 5067 255
4511 4483 27
2151 2494 440
6898 4828 85
4346 3929 363
8842 6738 111
6882 1302 443
1742 4169 153
4882 1914 7
6529 4533 28
5464 2711 95
8219 7222 430
598 5725 277
6890 8975 457
8976 3321 238
4839 8515 477
7450 5398 279
8245 3492 448
4250 8374 363
6258 4903 248
5638 6719 459
3733 1290 33
9016 1888 258
3145 8779 234
2102 4107 55
7692 5298 423
3669 9101 321
948 7346 165
8749 7949 39
8464 559 294
2712 6197 13
6023 6282 155
6556 5298 43
2814 4795 174
8048 3249 133
2956 942 432
6379 4611 33
1552 1912 231
217 661 180
7256 9125 239
1902 8189 288
3267 4212 71
5922 768 221
6817 3582 17
2844 7983 266
2977 939 60
4761 3670 172
9294 5222 84
3878 5439 97
58 9047 222
3150 7301 263
2438 568 475
8009 6490 243
1583 3307 177
3600 2503 160
5218 5481 451
7779 242 121
1303 5889 343
6739 6119 134
2836 2529 181
8058 5679 482
7821 4470 402
8148 8831 392
9243 414 52
3920 366 407
2933 1937 388
2884 6068 483
6506 7371 224
1701 4110 343
2336 3298 372
8369 7708 404
1704 5529 374
5606 29 57
2351 9272 324
8755 9544 190
7662 2477 479
8403 1714 47
9386 4572 270
8962 6273 232
8305 4961 30
6529 3331 238
6785 1387 119
5159 6993 0
5069 5696 272
5393 4451 317
2435 8466 146
1415 6869 360
2814 2607 432
1585 1569 58
7169 6226 19
6052 9107 202
6290 5893 89
4762 7404 435
3262 2473 131
7387 7866 435
4704 302 401
7202 8069 270
1415 883 377
199 8820 298
5257 5990 24
1629 8394 131
7683 4684 24
5125 5798 429
9560 5413 402
6043 2800 121
6978 3856 275
2731 1058 344
9001 2473 227
4230 2673 400
1028 4282 390
404 5911 284
2536 9947 320
6912 5072 471
8693 4632 384
2948 7027 184
5069 4006 392
196 3089 450
7040 2091 276
1119 2673 301
4019 54 83
9261 458 347
2897 9346 294
7570 6259 366
8041 1304 350
3925 4252 377
8961 5673 235
7853 5869 325
4155 9261 268
2931 381 441
732 752 347
9168 14 306
9867 9263 152
4161 6833 263
9879 4874 68
6581 5151 172
310 4112 198
8046 8317 67
5223 2473 181
843 1756 414
9136 8841 166
7484 4361 32
6290 4228 296
794 8389 129
7910 4620 4
6330 1201 155
9002 7863 120
3700 5909 289
620 7484 114
6801 4679 371
9715 3816 64
9733 1300 425
9766 3942 153
9062 1088 394
5191 8998 14
2547 5328 67
5055 683 430
1675 735 192
9316 7707 28
9431 860 208
1302 6927 24
8366 6661 176
6143 2779 118
1796 1841 206
2190 3384 57
3556 5932 237
2475 7339 420
9257 5366 8
8301 4682 215
4830 4113 76
2390 1767 355
3766 6485 16
6442 2628 295
9412 4424 488
3470 2966 373
6527 2874 157
1265 1701 496
3037 7311 362
5545 5612 396
2113 6794 10
9541 9184 277
3896 2950 263
1265 5744 243
5060 1508 168
3401 4979 486
8774 7858 213
2783 5475 414
4131 8513 225
4493 410 190
5889 8875 484
7751 8416 21
1381 2313 323
1496 3578 68
4239 4990 428
7759 8391 407
598 3517 118
6311 6300 93
77 431 458
1155 1276 221
7845 3518 96
7681 7621 365
3054 9002 30
1378 498 460
1798 1090 450
3726 8849 194
6986 9447 211
8104 2110 364
1049 2188 147
8860 9695 276
3433 3892 146
529 1573 267
8746 980 122
9276 2358 472
9736 508 62
1539 4234 264
1733 7572 63
1796 2028 174
4512 3078 214
4012 8290 409
1140 1723 301
1786 8604 226
6405 7351 206
27 2979 416
6852 2716 424
4766 4255 159
1530 2340 83
4094 4136 112
8768 5001 42
1982 9013 332
1243 153 407
8044 1939 363
9122 4696 214
4829 1076 194
9245 7928 262
522 2694 369
9681 577 209
9116 4671 197
4228 9791 198
5122 8125 211
7954 9368 364
5213 3764 155
1077 9238 204
643 419 280
3189 6017 60
8451 6539 106
4320 2572 183
8881 1688 206
7579 2269 497
1277 7391 474
3989 1698 194
3205 6911 310
713 7988 49
2917 4984 468
6197 8173 485
3757 2977 24
363 3649 448
3899 2531 137
2105 110 406
6455 1387 297
8929 1728 347
3476 1286 259
1786 1999 99
9335 4916 83
3656 7465 109
3993 7574 86
870 4289 235
318 8188 266
1455 6646 228
1213 3101 468
8363 8382 196
7210 1858 334
9321 9997 333
5773 9332 101
7208 9340 418
6817 3334 492
9403 4204 282
1991 4522 322
7109 2330 468
2338 9895 421
5306 8258 156
6354 1821 366
8689 7494 363
9374 3267 196
4976 476 388
4394 3645 222
7739 3049 426
5373 1392 301
1195 8501 131
16 839 26
8289 2497 137
4945 8852 310
9812 3893 304
4675 3267 72
5223 4595 400
5112 5342 45
8334 3081 446
2113 8454 338
414 6001 340
7397 6017 31
7923 4307 29
9412 5604 233
2722 5416 126
3527 6444 245
3951 1667 341
4851 3131 35
9396 7818 468
3343 9931 274
5033 6697 275
5225 4094 145
6257 2017 304
6138 7782 408
1223 504 177
3849 383 121
2446 4334 140
5639 9185 124
4174 4934 442
2142 4629 373
1268 6014 422
6396 1240 16
7541 3849 385
5697 6339 167
3105 7562 172
8634 7763 55
4255 209 242
4248 5849 427
7372 6375 213
4666 4870 194
5539 6138 209
5813 2534 449
3829 6427 150
214 2124 489
4382 5230 51
9054 216 166
461 824 375
6203 5072 224
7483 8796 100
3696 3462 470
891 5353 460
452 1166 495
4901 4995 422
9551 5209 47
6892 9591 129
1795 4997 345
4461 1811 169
7336 8014 93
2413 1849 389
3865 1898 203
187 9141 56
2647 9593 222
3994 4494 69
1769 397 279
5316 3641 222
6797 5436 72
8494 9897 235
1016 3585 101
8609 2350 451
1351 6215 349
7554 2754 490
5463 1754 435
8185 5748 281
8607 7517 178
4238 9185 171
9460 2334 107
2384 829 356
7119 1845 441
6221 6806 144
3524 4509 359
6373 8416 466
4715 3879 220
2650 8416 320
1431 7023 190
6961 1261 227
6132 7074 62
7091 5810 243
7947 2930 440
8740 5503 246
1884 9027 108
7596 1752 24
6062 2819 403
2634 1821 171
1306 9604 195
7496 6565 308
9224 9049 234
9638 2492 45
881 439 327
321 5531 330
2919 7416 209
27 1364 313
1903 3778 132
7658 6412 305
1830 7718 409
9377 1567 326
4537 791 375
6772 6781 367
4817 7662 158
2144 4335 41
1326 3606 457
5887 9986 173
2200 1889 451
7684 5900 215
4989 4082 434
8250 9811 353
8076 4348 496
3303 7472 277
1022 8641 291
9180 7137 126
9221 8463 84
3031 4350 70
4556 2902 312
3508 6938 212
1575 1927 294
1009 177 457
4714 4605 305
9210 7908 130
487 8930 271
2130 4462 409
1756 36 372
7693 9419 75
7263 3975 329
5075 3835 268
5139 5411 47
9285 2772 225
3242 7487 330
7900 6697 91
30 3537 21
7153 5667 484
5062 3776 20
7787 1469 291
1214 5084 266
7543 6512 102
7163 1651 365
8711 7289 137
6788 6883 124
9470 4783 174
61 1165 63
9583 8319 230
9919 9733 358
291 7520 327
82 5086 412
3848 2630 276
7802 6145 427
7167 4856 68
5657 1644 452
1633 7467 87
4307 7528 105
6870 3463 276
1453 9734 9
9811 25 382
5991 107 468
7255 308 450
5031 4462 448
810 7982 304
3879 3639 301
183 5272 268
1270 5932 148
9875 9154 112
9503 607 346
2513 6771 224
5747 2762 183
4067 17 343
1370 5048 306
4818 5858 288
3122 6089 279
5775 6272 51
5895 7543 335
3544 3770 490
1008 9626 97
8206 8491 368
5430 4238 130
9114 4657 499
9457 6027 47
615 7197 258
9755 6672 347
2534 2447 120
6938 8343 15
7273 8239 137
6763 9247 263
3213 7453 254
6433 2884 344
6064 8350 2
8415 4159 381
9463 1127 79
9073 882 251
8420 9769 50
392 3059 393
6259 332 484
5897 3448 231
1512 3013 185
9267 9446 421
3963 1862 123
3317 278 134
8699 6093 261
7630 5166 496
6881 3586 117
1283 331 176
4029 6590 360
5013 2487 160
5245 352 173
9282 5971 120
6203 9934 334
4178 3252 112
6312 8303 205
5926 5933 223
6422 9166 310
9391 449 493
9067 4478 83
5427 9492 423
7940 4737 275
7113 4019 246
2085 6574 180
8920 7104 284
2384 3416 87
1942 5694 372
6665 2116 38
1327 1507 340
6320 6926 318
7904 8706 162
8327 6646 251
5454 111 122
2200 2197 196
5232 7469 152
7869 9853 69
8808 1795 263
5681 8461 232
8071 6140 91
911 2461 370
4582 6717 76
7744 5044 74
1996 6850 185
2970 9050 382
519 634 351
5171 8503 57
3240 7312 352
3356 2993 165
1940 7416 306
2031 8328 119
1753 9262 336
3829 7006 232
8903 5354 82
4089 4677 484
7823 5196 118
9027 367 122
84 9960 434
9288 9668 279
3306 1608 195
3464 9991 375
6083 1745 137
1771 1926 496
2503 830 202
85 1271 231
9421 5446 427
3039 4473 295
5161 4557 107
947 198 275
9726 3504 235
2274 6968 78
9501 9403 323
5991 1174 102
5839 3677 284
1041 114 55
7273 9535 1
5052 8926 327
3199 4088 236
1306 5035 434
5433 1114 290
1168 3388 110
3247 9241 13
3422 5232 187
5524 1071 216
1160 8465 182
1715 2090 69
4069 7142 496
896 342 436
8632 8000 471
2919 3434 437
709 954 177
1820 553 419
8685 3976 151
6725 5852 75
4793 7013 40
2976 5080 130
3397 5501 272
6393 2749 466
6181 1382 467
4653 653 401
6942 7714 355
2620 9534 261
7539 4572 237
4042 1297 441
1617 6090 306
7657 5418 239
2139 8816 240
3764 1561 490
5730 7743 224
5697 8748 377
5450 5690 91
6158 4662 478
7419 8553 50
9008 2596 347
6449 565 289
3608 4575 208
5847 6714 24
3587 478 437
429 2561 180
8653 8258 280
7530 61 471
474 6219 133
9304 3638 39
6354 2646 487
1053 5447 52
1842 9055 479
4402 1254 46
9426 1194 24
2364 1623 85
9396 277 196
5177 4159 257
3000 4633 328
5485 289 466
6524 6643 464
6511 4048 263
3416 2243 171
4895 6645 425
9441 2424 119
818 1140 243
4755 536 372
6951 2065 31
5560 5065 17
388 6903 306
5206 3427 302
9022 9939 350
8286 3355 445
2957 4602 91
5234 4044 367
8706 4862 7
7449 9617 395
2821 2921 313
8704 4833 378
9221 1574 281
6380 6780 61
182 2155 352
4384 441 207
830 9750 161
3921 4984 205
2140 3690 419
5147 7491 389
1394 6664 162
9707 5369 495
3086 942 69
9719 7322 202
6132 7504 357
2484 1889 150
8543 9071 252
9205 9344 236
3910 1484 279
6182 6631 122
8071 8025 287
9233 7733 8
1580 7171 302
9150 3242 477
6204 9375 333
5413 1859 74
1415 6755 145
7167 5960 489
7903 6222 473
5034 2404 456
6009 6827 334
7296 6060 419
6656 7641 90
3310 3143 184
7287 5699 411
5121 1112 123
1195 2527 378
2693 9694 338
7182 3949 412
9508 5336 317
4816 1345 144
8150 4993 57
5569 8001 50
6511 1311 193
696 4951 244
6959 6424 356
5082 3971 235
9960 6664 281
7150 199 82
563 9707 270
2732 4523 115
1728 9026 460
6785 4595 461
2187 7459 125
732 4507 428
4976 1466 352
6684 2901 323
919 2861 340
7552 6364 39
4487 3279 98
6757 6011 473
373 4091 351
1685 7229 447
4647 9416 258
1624 149 265
3552 5125 83
8256 1810 484
6931 9081 198
2271 2986 62
4162 7473 193
2112 4230 56
4586 955 147
2437 2641 376
1236 3640 293
3846 5264 442
4611 5168 419
9547 9776 81
1031 6707 163
1729 5331 149
5143 9493 122
1836 7958 352
7244 2544 160
392 1333 301
768 8922 441
6913 9120 57
3207 84 77
4627 9631 353
4208 662 60
9223 8744 243
872 239 89
6346 8428 47
6051 5672 443
6711 6064 128
12 3185 50
3305 98 171
1862 9658 255
1939 4285 238
8144 4845 400
1056 4069 496
9300 1293 236
3389 7640 164
5436 43 188
2731 6754 253
1359 3118 290
5262 6423 240
8285 4637 398
1392 2928 35
4130 1072 381
3882 8480 450
2379 7780 95
7467 7521 235
983 9309 278
171 2040 384
1776 3400 354
6566 8662 277
4159 6947 266
5057 4691 46
2945 8821 118
9326 2703 99
6128 1434 231
4223 8901 253
6311 6236 414
8441 6408 455
7326 4536 207
5680 7455 221
6810 1614 20
8928 3023 211
3975 5968 32
6445 1646 87
7396 7774 22
2480 8350 275
8733 4661 12
6999 3102 272
7306 6780 308
1013 2461 115
6086 5623 229
8106 4551 105
1169 4878 73
3053 1324 72
7641 5072 346
15 7552 48
7642 2637 209
1506 9637 312
8130 6943 92
9291 4309 405
7906 395 380
4488 4854 432
4093 6023 162
6018 9077 486
9590 3070 59
7289 9437 111
3337 3431 101
399 1290 238
563 9420 181
7507 8711 342
6913 2970 238
8293 7458 92
577 1551 467
4092 3921 396
2578 9864 318
2489 7153 107
9953 6842 39
54 7241 329
6144 7804 101
2825 1664 313
6520 8577 283
4258 3222 93
3202 152 496
4521 4244 417
4918 3174 281
1088 2016 286
6696 1969 481
2087 8375 74
8768 4519 231
4869 3696 395
6034 216 472
169 826 46
1762 380 50
1258 4902 294
4676 6172 321
4309 7260 337
7448 3956 158
7429 6043 33
1003 1163 404
8734 6033 452
8129 2067 21
2453 2237 347
6352 351 80
402 1610 482
5049 2638 154
2870 6947 414
2707 747 223
865 8176 118
3750 5532 282
1154 618 167
4958 8748 234
8979 7553 323
179 257 175
1759 660 137
4593 5709 275
7247 8579 74
3513 1286 322
3736 8503 350
2707 2253 382
6489 9759 1
2656 4717 101
7242 49 6
418 228 264
7593 8339 424
2730 2932 485
6857 6531 416
7931 6396 54
6105 6485 57
2456 9192 310
4338 2033 421
3191 1041 138
792 8283 39
2299 8701 267
415 2646 458
9191 1728 242
3676 8585 273
9444 6517 170
6498 8974 155
2055 1430 199
6217 2121 232
138 5312 273
5128 2457 408
168 1108 462
1787 1523 108
1746 714 337
7340 742 422
3114 186 291
1636 3036 266
6643 5091 48
7194 7660 169
3426 4150 482
7051 9278 291
8959 5798 399
5921 7586 274
5530 5684 488
3219 3024 82
9493 2490 120
8637 478 156
6755 3473 99
6303 667 259
7973 445 261
1307 7496 39
3450 2808 338
349 8729 276
5123 611 312
6963 182 188
5897 9676 31
1369 4665 9
3525 1420 335
3476 4075 354
1087 8400 300
2848 9707 148
239 3157 456
3429 9858 38
4205 1333 149
3369 8296 184
5558 545 360
6589 1914 377
4450 5439 297
5785 5267 372
4140 6354 273
9292 5554 332
1940 5794 342
7397 9223 52
4287 9781 386
5436 3150 182
9472 5060 228
3184 8001 142
1561 2452 434
1358 4589 53
1583 5081 408
208 4373 314
4892 2666 108
9086 6415 184
3139 702 465
8525 2490 467
8559 1963 380
9139 5147 381
1634 6709 333
5920 4419 275
5473 2354 356
7733 8914 82
5548 3807 100
9156 2893 15
8340 6032 69
3657 909 59
8477 9469 374
8357 8608 22
6238 6594 83
2924 2514 354
4199 7988 209
6907 5721 475
341 1269 282
6441 6778 28
8956 1470 412
8525 5128 322
6937 9957 143
7311 8314 103
9185 904 198
7768 3828 212
7123 4379 52
5184 7639 274
2159 7980 395
9294 774 173
9322 9730 144
8086 4608 124
1408 7897 433
6903 5208 247
1007 4394 3
8057 8514 184
1269 5637 63
5174 7173 54
8448 5685 387
9343 4979 161
3369 653 243
8865 8739 203
9489 6500 100
6422 3403 309
8021 762 55
524 8819 69
3208 6441 59
6624 1615 232
4030 6415 417
9417 2110 248
5578 5479 401
4174 4344 493
7377 185 345
8478 2959 100
1139 7332 363
8194 7857 34
115 7417 475
7674 393 442
8759 4424 357
5528 193 468
7277 2124 299
6030 6298 144
9875 3675 329
220 2153 289
321 9644 473
1184 4190 182
3570 4306 100
6046 1980 345
2840 7091 121
9698 2620 315
5018 9897 439
5817 2279 89
7313 2155 264
2643 8727 270
7284 9048 414
9257 6584 105
5440 155 411
5392 2553 243
2089 5393 335
9563 1443 307
878 2813 56
669 8631 335
3110 5944 342
2874 4939 70
1144 8575 470
5411 7833 55
7516 9625 62
279 1369 115
1374 3458 360
9561 3021 156
368 251 469
7424 7272 100
3112 382 397
7306 9609 336
3876 753 412
2199 6164 97
754 32 74
2168 311 443
6135 1686 253
1847 7599 275
9003 7968 378
8973 1744 3
3925 1208 385
4822 8515 494
7011 8743 100
7775 942 116
2724 8048 1
7298 216 312
9593 2703 350
5346 4551 302
4121 3554 270
5852 2527 366
4855 2805 75
592 7627 90
5939 990 333
8391 5117 276
7007 7841 176
2008 1491 393
3673 1084 448
3375 6431 499
677 6904 54
2299 9108 433
5666 3963 238
241 908 218
3331 6847 60
1516 5238 178
644 8597 371
7821 606 215
1566 631 299
8014 4006 82
9014 1036 339
9920 3335 447
9705 9001 263
2296 5594 171
8866 5277 370
6426 6794 108
5456 3790 205
8680 1611 163
3395 9529 146
5546 7544 5
4129 2910 41
2320 9182 228
9619 5239 82
882 7535 176
9405 6401 454
4775 9180 100
1735 4636 390
7293 3316 354
9808 3063 383
2955 8610 279
2812 2739 41
3705 1411 223
7933 1030 463
7515 8265 350
9044 7670 252
5850 8798 284
5802 6885 272
9544 530 441
4898 339 4
6134 9646 114
1265 8810 205
9307 2515 116
2882 448 499
5345 4316 264
1696 9712 286
800 5562 84
5436 7716 322
4708 7260 352
3649 2159 43
5654 4645 189
2620 5910 499
2326 1569 366
9794 4452 315
8293 9797 483
5057 7845 195
5844 4997 109
1780 6785 325
4602 1494 85
7955 5143 96
4350 7149 93
4040 9770 4
8891 2096 73
6258 8242 377
425 6536 175
8908 1593 372
3455 3789 222
9916 5570 7
7741 6524 353
9178 831 497
2775 5182 498
7368 5574 268
4224 817 216
2650 7075 459
5527 3852 347
4554 9112 292
7779 2567 82
2353 2483 4
7360 6576 380
214 5755 212
4563 4882 246
6061 8602 320
3682 2827 137
9750 1829 65
4061 3708 417
4908 4615 30
3701 2394 449
2635 4747 433
3491 8459 361
871 8673 116
5435 9588 498
5181 2002 101
6853 5684 280
2991 1786 109
8908 5848 169
2325 7108 284
1207 7161 178
2657 9796 277
2942 3287 237
9803 511 262
8772 5946 351
6270 7480 353
8723 4333 389
4003 7324 175
7464 2584 375
986 1262 336
2770 2469 497
3301 1478 146
8578 772 285
2315 6928 296
7430 5700 95
5781 8322 75
6134 7046 408
4875 7401 85
5402 1218 169
1778 2204 431
1614 1326 253
4963 4627 231
8109 9558 4
895 8225 432
4191 5655 484
6138 1436 306
9213 3922 204
6622 5149 106
7707 552 176
7728 2330 232
2660 296 58
2765 5259 38
7996 3369 96
352 616 173
9636 1159 329
4620 7298 117
4279 6511 40
983 9485 41
1441 7192 93
9469 1273 423
9701 3933 71
7612 3050 331
6502 1046 52
4950 7751 168
1623 7387 327
3952 8360 125
4070 8991 489
4462 9974 474
3 7768 167
2449 7237 292
872 3291 77
2296 7255 127
2627 3757 173
9031 8707 276
9699 330 16
1526 635 228
7004 1057 219
8993 5519 45
467 1874 313
5486 4323 403
1778 1548 194
8355 196 449
4334 2823 58
5008 8206 265
6136 7905 95
4652 5783 82
7880 2787 139
99 8132 10
8645 4952 237
1310 438 412
1213 8569 460
759 3276 8
7560 7611 331
8118 8971 389
7383 5107 294
3331 9760 430
9913 3992 69
7553 4092 202
3415 9089 154
1152 399 444
9565 7965 13
5877 8724 142
2386 6285 253
8069 4403 224
1959 8139 183
3753 7822 295
7683 7735 288
753 1640 232
8307 5056 173
813 6208 72
3757 2125 389
1623 8003 466
2765 389 251
1518 8458 6
5594 417 497
4777 523 319
73 4558 407
5713 1663 47
5445 9970 455
618 783 16
2542 893 141
2432 2516 144
7398 1633 385
5001 9503 344
3359 5097 113
9857 6226 136
4176 2651 195
8935 8364 358
5335 161 181
6790 779 316
7158 9674 209
9652 8458 77
148 5856 210
1034 7209 65
6730 568 14
2843 6777 93
5832 7306 244
3379 6241 461
6237 1576 122
1770 4719 254
8087 1877 428
1648 7881 386
7726 8030 94
1788 5416 155
1706 2146 75
6720 1341 205
4313 7173 11
910 552 104
5871 3142 181
7345 4912 252
5951 9351 481
4231 1000 363
969 5078 393
9915 3218 309
6070 4924 307
5498 7997 148
1703 2310 322
5214 9572 226
7670 5443 368
5351 9141 133
4103 1444 336
1085 5676 188
2300 6645 266
5193 6561 337
9854 8983 113
6661 4481 110
4809 2536 273
6483 7750 345
8710 1773 141
430 7124 282
3415 7580 226
5752 5017 402
5440 7317 400
6559 8862 313
896 8716 296
6509 5377 130
6472 6538 166
8745 3022 269
590 8084 42
4231 4866 166
3365 8282 98
7592 386 115
3846 5826 284
3098 2385 146
8911 9633 214
3708 2495 443
5690 8967 482
3856 7712 356
6125 4654 292
167 8886 158
7686 8603 292
2784 2547 178
9252 2746 357
9388 5844 94
8387 1108 228
6101 1168 75
5545 6858 42
7879 714 106
9587 6840 112
5731 3359 498
6741 1045 102
6034 3830 149
2064 9434 395
3921 8822 92
4516 3561 200
1096 9663 368
6523 1560 226
917 5791 440
9375 1730 132
2487 7461 492
838 4202 37
1440 6588 219
941 8653 5
3189 8926 180
7633 9794 241
6833 7242 404
3553 3765 316
779 4682 107
5071 4057 337
2556 6545 150
7048 7383 353
8937 5175 293
4657 2468 446
2514 2009 225
9194 9642 19
5788 2827 262
2044 6380 379
9861 3511 414
9820 8583 323
1510 1139 368
660 4539 103
4013 3476 130
6659 4485 451
7957 7000 460
8182 2546 455
4554 4686 134
1816 6731 15
5547 2944 26
3961 2764 461
2785 4274 452
4505 4935 491
9961 5300 468
6943 1959 305
6394 9917 157
4207 8099 56
8014 9005 242
4648 7173 473
7663 2721 417
542 3034 34
8355 5819 308
7308 6677 95
799 6638 248
4119 9933 207
8277 6328 476
9434 6887 428
9490 1253 433
4233 5901 107
2058 9917 328
6476 6811 362
6362 5166 34
522 2474 211
9618 9626 201
366 97 134
9425 8374 314
8402 4161 53
1830 3651 306
4263 4236 208
222 6295 477
2550 9123 288
4265 5485 454
8151 6007 281
2362 1977 259
5915 2343 356
3049 1769 83
9216 6523 244
2269 8353 247
6576 8968 484
3136 9191 131
9613 8093 254
2901 8710 91
7707 6861 98
4988 9223 428
8247 1490 271
7956 4540 392
2391 108 415
4635 2377 120
6882 5305 441
9718 8441 484
8849 8054 77
3455 7307 288
3546 5015 149
5997 6355 225
425 955 215
3548 5263 107
8441 7654 215
6208 2289 445
8681 5523 102
122 1594 44
7106 6795 450
8535 251 110
8675 3797 477
9325 9794 332
1902 6571 287
9617 120 402
8225 4913 56
3292 7473 197
7089 6154 73
6192 2628 167
88 6086 314
8390 974 65
4000 9649 215
977 8974 361
662 876 433
1301 6846 53
7204 1423 318
760 1067 291
9310 8157 298
3383 701 426
5402 789 365
4216 5531 339
3282 9532 488
2497 6861 315
7858 3875 43
6143 5177 389
4548 8733 164
7866 9493 232
5010 5155 389
8308 8538 442
586 292 83
8951 4509 114
4642 4143 498
3631 2992 360
4298 7202 235
5841 3346 264
583 7894 497
6747 2113 343
3979 7123 498
5720 1783 37
8162 2369 329
7745 7673 190
2860 2315 333
3858 5946 325
8070 244 28
6158 2438 226
5774 3021 120
7772 9768 85
5615 100 60
4965 5820 343
2854 335 213
1036 4432 238
3726 7292 53
6912 7503 352
3089 1925 96
117 4435 386
3195 210 407
4168 7982 28
7253 9949 128
3814 4914 300
8509 7769 135
5574 5157 68
312 8883 212
7366 5795 67
6718 8885 493
2666 5354 280
1053 4902 490
8812 9070 472
6340 6323 273
320 6489 188
121 4999 309
6608 6925 466
7528 7238 201
5741 4604 349
4160 7674 86
8153 6692 292
9286 7745 194
4276 2910 264
7249 9250 88
2874 5923 429
7062 6044 280
1723 9004 206
1541 6533 444
243 2274 400
1092 6434 426
3530 940 118
1322 226 364
4017 4502 126
5781 8103 376
221 978 151
7503 4392 195
9783 2468 200
8989 4009 233
1785 604 359
9185 8048 145
611 1578 437
8730 9253 15
946 3270 370
6072 5403 473
6800 1977 303
3452 9480 48
2499 9263 368
551 4605 229
5136 6390 186
8347 1928 234
7993 2539 165
1282 7621 418
4798 4919 40
9168 7343 295
7993 496 272
4149 300 252
4697 9151 368
417 9703 473
146 1191 215
3184 9539 143
7919 3884 35
6936 5166 8
5206 6316 428
3098 5484 123
6393 3478 471
1666 7627 271
2770 8676 423
3138 5445 478
4463 1943 21
2179 5128 412
1822 9399 148
357 6335 315
2866 7893 483
6646 991 468
4121 7384 298
2093 9050 277
364 1821 305
4139 1311 250
3969 5775 45
4991 7954 173
8255 6128 72
5404 2838 259
4071 2056 152
9054 5054 143
5874 9175 380
6172 1268 282
6801 7985 455
6106 8476 267
7208 2446 394
254 3789 348
4779 8396 328
2352 3800 166
8963 7871 74
7116 3278 128
2611 9152 304
5491 1677 424
126 8478 409
6581 937 238
4348 4497 36
4242 1103 177
8442 5883 73
5123 8235 374
8289 3550 97
6216 666 375
2844 9630 28
5000 1473 57
8425 1599 35
6186 8181 324
2424 2529 174
7460 3124 277
2637 1566 160
6211 6689 247
9937 1331 298
1534 3899 316
6410 6743 446
6790 1744 420
8847 6521 19
5734 2707 200
9911 5132 82
8585 2592 206
8362 5230 124
375 7793 166
6974 7730 349
772 9264 248
1589 2026 491
8387 5168 87
307 367 108
179 6102 168
8231 2365 300
8813 950 244
8871 5664 474
6848 2391 119
1514 9366 349
215 6490 466
6463 8079 344
5806 2819 13
3246 9478 232
7206 9657 334
3874 7889 51
5674 3054 353
6419 1926 18
8745 8774 261
8865 6640 127
3066 6855 118
2884 9670 49
4729 5476 368
8094 8722 347
1826 5929 356
8013 6155 245
2916 1830 152
8770 4601 78
6640 9698 204
6901 8563 196
2881 7982 403
8999 7218 73
5900 1947 49
9269 6393 124
8468 4572 405
7324 8937 60
422 1853 242
6574 623 343
1004 3615 42
560 517 457
6756 3398 291
2511 8749 10
1584 4649 309
2485 270 55
2109 8738 127
366 2415 416
8427 2837 121
1021 5763 97
1865 3119 212
8759 31 81
568 6787 479
360 5650 80
3722 7234 230
9031 9719 0
3438 8181 91
6065 8547 6
333 3326 195
6455 4348 310
9552 2565 429
6264 7676 460
9846 8244 99
3177 4956 249
5258 8678 335
8340 4062 54
1692 7500 87
3783 9918 135
4641 251 313
8336 3058 13
4146 2610 78
9427 5227 106
4739 1425 351
3190 954 159
7291 2564 190
8626 904 104
6033 2597 104
1620 2732 374
5755 7374 478
5921 2062 36
434 2561 499
7513 8340 226
8619 3080 3
4322 6270 457
1334 3562 22
7024 8540 278
3128 4573 227
3084 6194 460
2959 8301 186
9437 4222 248
5325 4657 161
3824 8522 2
3902 7141 82
5405 7816 204
4215 5502 118
9237 2526 11
1515 2006 84
9095 5090 278
3055 4401 432
7093 190 154
3193 5516 311
1855 5692 333
8857 9595 327
5291 1352 495
4347 5567 497
3318 1156 23
829 2672 381
9265 1767 471
3896 1174 225
6828 4619 415
3982 7812 431
2146 9667 124
2479 4876 71
2658 6519 423
653 7219 343
4150 6889 499
6525 7718 171
906 6983 290
6730 7231 316
6955 4059 435
7370 8042 100
9654 188 119
1278 9019 496
5201 1678 367
4124 8683 438
4967 2834 327
6967 5711 397
7990 6618 233
7133 3348 464
3801 6655 24
5089 377 418
4189 31 458
9308 7661 477
5656 2862 7
8524 3339 191
1314 4658 377
4642 7977 88
2039 5968 58
2772 9453 258
737 3254 413
9113 8343 291
5531 8884 322
8489 8193 336
6818 3849 198
3178 8725 37
8221 40 48
6098 4682 25
6038 3073 493
2597 5846 298
8855 2935 405
1769 2048 248
1412 7579 485
1086 2420 178
8422 5590 27
8621 8768 105
8510 3341 145
3058 9439 179
5584 1830 104
429 4427 450
1080 3282 237
4985 1403 285
3585 9167 216
1070 254 488
6748 8676 79
2628 3649 199
7233 8512 41
8230 7922 332
261 9858 162
5365 6640 441
2668 7720 76
2905 2705 479
1543 2642 147
7759 3713 253
9100 6813 429
6031 5793 431
8082 9378 443
3475 3960 217
8308 4221 76
1322 5939 216
5116 8607 288
2192 7864 493
671 9407 487
4670 3519 52
5275 2619 218
4557 5002 11
7488 3084 390
5283 6560 202
1000 1220 424
2928 8894 215
5144 4010 322
1432 6202 186
6777 3226 446
1117 4248 465
9169 9524 436
387 4081 438
3751 1569 374
6493 3204 434
3195 556 154
471 3485 401
3686 4981 411
5508 2766 114
1547 5895 340
3345 3364 88
2310 2534 464
6598 9273 45
5888 3024 466
8262 9517 170
3549 9065 79
55 9536 64
5456 3223 397
4868 5083 15
6834 6630 263
2026 9975 127
5114 8637 161
431 1587 287
3476 3827 163
4443 8442 33
4965 1991 98
6044 8398 134
6960 3855 357
9210 5075 293
4225 1909 423
1488 3935 251
8468 5401 240
7981 5832 180
6768 5661 7
4932 104 301
8965 1421 144
8415 7466 43
1049 4426 250
3259 3636 325
552 4214 86
827 2054 373
7430 522 126
9023 8504 311
2203 1624 472
5562 6556 428
3716 1873 349
3860 288 315
2403 7690 94
1153 7301 82
1330 7853 148
3416 5032 203
2141 8815 77
6268 7838 433
8931 6393 58
903 8307 114
5683 2023 340
5532 5884 480
9200 4639 170
3646 5793 471
8080 3475 176
3081 3244 61
136 5385 376
7713 8005 66
147 6936 459
4205 4191 118
1171 6226 142
6363 8111 378
1844 3663 17
1366 7309 162
8190 1741 138
9218 4822 382
5279 4958 267
6507 9024 125
5573 9171 61
7384 9728 105
7503 7251 331
5997 9967 442
6727 1811 105
5744 9529 266
6907 7719 8
1545 3290 182
5779 4921 141
9046 1429 17
6671 3354 188
7585 7091 268
9042 946 371
373 3295 338
6168 22 1
5625 5766 31
2392 9025 102
7252 6922 392
3286 2701 166
4279 8100 447
4296 1123 301
9836 8708 244
5104 7750 190
328 4476 485
9166 6996 7
6168 2621 126
9051 1365 3
6005 8617 278
6250 1904 479
1416 6183 431
4363 6832 55
7016 6668 263
6761 1773 366
3803 8453 194
7789 7619 190
8148 139 311
626 5542 177
8482 1548 146
3260 7798 402
739 9214 438
9023 3577 270
2078 6945 438
193 3706 63
2411 7510 16
9105 1651 488
9147 6151 127
5459 6778 170
9488 5260 218
8486 8520 368
9389 5611 82
2827 4634 11
3097 6712 456
6387 3258 15
1451 5669 377
4967 4775 28
2455 3922 179
6435 5733 309
5957 1573 421
7027 60 441
5895 9449 405
3977 8628 391
8340 1725 456
9648 8112 214
4663 5915 383
3540 883 10
420 9690 433
3452 2477 18
9613 8434 92
1035 5461 152
7328 7708 101
5585 1685 81
8477 6377 158
4433 6026 270
9999 689 38
4882 582 273
893 7354 463
7178 7158 293
9196 6772 227
2788 4159 41
6440 7839 249
5893 3425 287
326 1902 164
6484 2687 42
7107 2686 84
3645 3920 18
7418 1165 372
7233 8343 383
9526 3892 7
6606 6680 166
5499 9473 5
5748 1718 430
387 8397 184
1404 4881 223
8446 1988 261
2530 5633 34
3548 3051 199
8273 6637 395
156 6163 287
5163 9121 319
681 4620 144
4038 6721 215
821 3460 112
5857 4864 493
3581 9663 482
6694 2193 467
3728 2094 371
1928 367 8
1175 6875 23
7962 8390 145
4133 5423 265
9778 9461 338
3493 282 299
1957 6140 163
8950 6073 178
4284 2767 372
5252 6496 318
1975 4776 37
8983 5951 264
8506 265 154
3503 4398 77
3121 528 390
9459 373 25
9258 2330 17
274 7633 90
952 1917 209
176 3521 57
7846 1848 185
5883 831 136
7147 5690 401
3153 9193 152
8230 2314 180
5473 1774 54
2998 7384 384
3015 4010 17
5457 1315 287
7018 7843 160
5076 5690 9
4261 1573 192
5750 5073 382
7503 8226 428
3655 6457 94
336 8282 220
7390 1280 105
3126 647 467
6496 6104 282
8135 3122 478
9647 4550 168
6656 5164 241
7201 914 314
3435 8417 41
8863 2073 350
2958 8761 484
5178 2503 264
1135 5629 411
7455 8477 367
5089 6612 341
567 6260 244
1735 9268 408
829 2821 322
4995 6257 239
7388 1472 164
2590 782 425
6074 2313 428
838 3448 410
2601 7255 239
6820 2345 352
514 2912 464
8758 4648 84
2166 5477 406
6488 6824 15
5579 4213 339
3096 6803 122
3021 2878 435
1802 68 235
2564 9022 491
1803 5842 336
4007 6356 248
2471 1466 248
2908 3632 77
9814 6472 402
5681 8404 115
3020 1500 270
1142 873 148
7929 2675 69
8165 1591 91
2008 3395 285
8196 7402 494
944 6226 460
1045 9134 93
6622 8948 417
9024 981 321
1991 4001 173
1762 1496 47
762 9425 222
9831 3942 314
4274 5950 61
4560 498 463
7554 1443 41
2014 8840 175
6459 5462 475
3729 839 456
3050 2830 458
224 4592 306
4623 1707 231
5345 7890 26
4011 2165 476
2424 3077 475
1888 6983 270
281 5349 110
1457 1809 424
7932 1890 263
5389 4940 94
3199 1516 38
2505 6139 245
7588 7837 488
6614 8200 153
7943 625 82
9770 8865 65
9392 9146 414
7854 603 223
1778 4888 465
2894 6629 258
488 6180 274
5378 8685 266
1976 2625 455
6464 9240 7
3117 3535 132
9199 3305 349
8616 9049 496
7030 6903 451
3606 5033 339
2071 7927 320
1829 4767 0
9456 146 37
9574 2122 163
7529 8586 255
36 8055 142
9521 3606 299
7870 2222 348
1718 9252 251
2522 9210 284
8213 1282 64
534 3111 331
9034 2567 477
2572 2141 451
5087 6022 37
3194 2411 444
4836 8284 50
6135 6154 124
6483 4225 229
86 6747 439
8722 1312 73
5286 1846 185
6618 881 104
4447 9805 98
4399 1244 120
9288 4438 383
2233 9274 167
5135 5409 174
6612 8244 399
7341 8330 498
3632 7052 310
1206 8691 9
8243 1661 242
4199 6108 47
2297 507 291
2770 6148 81
5653 8381 355
3173 9868 116
6847 6480 212
1098 173 394
8448 3806 446
758 1364 489
7619 5959 150
5361 158 259
2908 2456 118
8051 5226 266
7632 7231 499
2839 404 368
9807 3603 348
5019 4701 22
4913 3149 180
8212 260 396
6553 7879 355
204 3241 13
6315 2501 469
2933 6905 47
2052 4537 131
9551 3729 387
3271 3536 491
7120 4908 44
7494 6173 194
8026 737 306
9922 7291 37
4129 7495 130
2142 162 132
8964 9447 37
7363 1499 426
9346 7403 155
1734 674 44
7725 4146 304
4769 1640 477
1315 6018 67
4473 2292 358
1863 6421 205
2493 4916 367
5625 3880 314
2014 7595 166
2941 6942 69
3948 8676 243
4844 2753 242
648 3874 382
8978 1542 253
8045 2367 45
755 4230 319
960 6724 235
7679 2349 467
7493 716 414
1511 3657 356
6580 3957 384
8676 8802 489
4918 5802 364
9152 4780 258
5757 9177 125
8303 9932 356
9974 7244 80
209 4923 281
7028 8769 497
1442 6632 6
9151 3213 464
5535 8241 118
1025 9511 420
6741 5015 201
3999 773 230
3624 5428 15
3832 5402 259
764 1963 35
46 5343 156
6395 6785 288
2754 5936 353
6718 7824 446
5836 8849 457
7108 5590 473
6809 5941 98
8392 9565 26
9907 9750 280
8666 514 95
5053 560 438
209 3308 223
8350 6062 12
9703 9132 336
5650 1320 37
7459 8428 479
4284 1590 420
1882 9982 337
1260 9889 87
6040 4907 454
5487 9961 14
3925 6522 174
5501 4872 236
9365 4576 220
4701 6578 40
1590 4037 321
421 8322 411
5193 6556 245
9530 7817 486
9970 209 393
924 5697 206
8790 9622 81
9965 5123 453
3553 4488 381
2626 5541 459
6666 3483 349
1839 3904 23
8602 9097 79
5347 4980 396
4685 1302 106
8931 8578 155
3137 7368 277
6570 3685 253
8524 3591 93
1405 6217 135
7217 9235 470
3418 1075 375
4293 9677 324
5372 1377 304
621 6062 458
6079 4993 36
7234 4483 405
8011 1053 442
6616 5929 33
9710 3687 102
4697 7256 338
3167 674 413
1894 1319 442
6071 6691 171
5227 3664 234
5686 9743 79
4722 3329 414
7479 7693 468
3922 4309 249
307 371 436
2910 5068 192
4748 4588 218
4013 2834 37
9307 8905 81
5979 4133 245
5065 9819 341
9144 893 170
4059 8373 363
6379 8647 25
4628 8954 396
2917 8216 317
2109 9316 405
4680 3329 91
2217 8989 497
9150 4968 482
3396 33 301
89 5529 194
3759 5940 419
1475 8671 66
9852 3300 373
2248 2569 89
2417 1030 258
7174 5710 87
4766 4280 76
7615 3430 396
4597 6826 281
1398 6915 311
5444 7027 251
4216 4854 423
1634 4706 75
4359 3306 144
8949 5724 26
5559 2898 237
9146 4016 17
8075 1631 447
8323 6228 126
8605 3978 393
4416 9423 272
2519 9991 126
2942 1625 332
9369 5985 139
8365 1286 215
8392 6845 113
481 2343 482
498 6770 113
297 5094 342
3275 3699 320
3169 4467 95
6441 6986 438
4568 6281 64
3752 2002 401
9891 6720 187
4458 5112 384
1924 5593 79
3406 2443 350
6519 9092 296
2213 2368 495
1886 5537 314
7333 8330 152
2772 9250 285
9836 3003 288
9237 9246 8
6276 3705 472
6512 5629 417
9091 5387 212
8441 1906 304
5589 472 172
84 2358 61
1750 9691 244
403 8815 494
1688 8651 497
1328 4240 96
1336 6868 301
9160 3380 282
8929 8824 169
1141 3617 427
2446 9207 399
2470 5643 109
4384 7394 153
4628 4149 468
4122 5837 472
2972 3518 212
1068 1206 433
9221 367 165
9355 9296 489
8524 6790 107
5951 9236 166
203 8058 309
6812 2442 55
5817 3422 204
7286 3897 394
3758 3221 412
822 641 118
4755 9862 337
8421 9217 134
7262 4093 424
9721 6396 12
1387 6599 422
5049 9764 217
6104 5581 139
1309 9219 388
8703 2977 109
5967 152 250
8085 4907 464
6923 9680 33
1409 6943 478
2685 3016 375
3197 4404 474
8119 9453 90
8188 1909 24
5328 3218 243
9068 8273 73
9678 4240 225
7280 8678 132
1097 1953 165
4130 3362 460
7609 2399 476
3836 5596 380
6662 67 185
9253 8256 95
3777 9936 165
3872 9004 291
6945 5034 383
170 2315 61
4655 9764 366
8820 3894 80
6280 7855 479
3108 8043 427
4341 4706 347
5026 3959 103
3973 4088 391
2491 7960 247
9282 1258 282
6665 1428 449
9079 2435 213
3445 7607 459
3878 3887 167
357 3348 210
8785 7689 416
9984 2715 227
3087 3041 167
8830 5532 480
3577 4814 238
9711 7831 18
8160 6910 454
6373 6708 61
1185 6938 301
3852 7295 149
4562 2432 338
6331 2416 405
8410 1855 298
4578 685 330
1410 615 496
3148 326 328
9018 8487 90
972 1212 150
6886 2397 88
3039 2601 236
2540 7164 168
9730 9847 437
9635 4609 292
8934 9187 330
116 6949 445
6113 6449 123
6293 5468 462
3383 2792 175
9886 6030 424
6974 9069 26
7710 1609 42
7231 7691 389
9168 7327 498
2960 2613 38
142 9081 487
7939 5194 437
6063 1487 257
9025 1223 49
3200 1109 80
2477 4435 1
8003 8498 111
7045 5729 302
2286 1249 481
5784 561 446
1174 704 28
3514 8643 74
2303 4706 414
6560 84 137
9961 9636 98
3041 2113 385
1543 116 235
8006 7161 464
2160 5799 65
9994 1584 127
440 9110 331
6320 8976 474
7395 1279 33
6309 4191 117
2798 4153 105
6748 3546 219
1485 1441 187
4721 5799 201
37 7960 0
6603 4306 84
3730 4746 47
1561 7419 23
4387 1166 155
8272 3827 346
2241 2977 351
5847 9725 250
1566 7562 191
3753 2283 491
5806 8673 303
7307 5276 109
6743 5358 207
5290 3271 478
9166 7658 144
4321 2283 471
19 4524 448
9871 371 25
9621 8289 88
7164 8395 223
507 4201 248
1810 1508 376
3771 8252 234
6831 9894 5
7309 9060 16
8954 9733 299
777 9753 175
9226 5976 47
103 5597 188
2191 9113 83
9267 9621 285
1367 7783 145
8744 1555 249
1478 4738 496
3836 2047 56
204 7353 142
2503 8131 395
5678 3709 371
5577 3812 320
3766 2356 433
6701 7975 406
7486 9342 190
2484 8086 97
2085 5917 335
1581 9753 234
138 9957 88
1132 8812 219
5527 842 280
2250 6420 92
4570 6538 448
2355 3239 423
9762 7078 118
1304 5914 204
4401 7999 121
8588 9581 374
4822 6071 183
4762 7203 495
6481 9082 190
4613 1332 462
206 5902 0
4506 4609 91
6782 723 21
8400 2027 435
8104 6428 435
3726 1368 368
5452 6191 439
3488 953 494
335 3787 76
8025 8400 408
4839 4958 162
8191 9465 271
4783 6247 495
4804 4647 22
7092 9103 303
7379 9181 171
7247 4634 214
3186 4474 168
2680 4809 307
1256 9187 59
7516 4026 18
9678 2218 483
2801 7001 82
296 8157 229
6171 1601 184
4826 8980 366
4849 6227 352
1064 5765 326
4584 4797 487
1891 2405 174
3950 9921 201
7320 5951 419
3803 8753 272
9237 5401 281
9318 1572 383
8503 6398 363
6869 7600 443
6221 8664 208
6399 3248 358
1386 1491 263
1913 1793 37
114 9114 488
6885 9269 241
7009 8507 143
5290 7825 67
1525 2680 318
389 9549 418
8184 2122 82
5392 4873 182
102 6260 173
866 8173 318
7903 4639 432
891 1524 54
2633 4885 61
6128 175 238
1195 1701 419
9013 8442 320
4431 6626 443
4865 8370 168
8547 8473 428
72 5691 453
3391 3594 444
2175 837 320
229 9822 205
3142 5950 233
233 3498 286
3652 2511 228
2972 3295 206
767 8160 428
3436 6708 253
8716 3132 296
8522 6523 242
9318 8699 80
1639 5280 254
5196 8423 57
8929 8656 55
715 8660 418
7295 7984 213
6853 8752 226
1134 8540 286
3887 3608 418
5036 8482 294
9778 7801 493
5358 5792 273
3465 988 196
7522 9918 204
5077 6985 364
1495 4281 349
7561 7486 453
8139 8620 345
5425 8860 305
2195 3896 288
5489 3674 441
3834 5385 85
1108 8850 73
3156 6372 343
213 7801 181
9577 5648 462
6926 3209 300
5731 7700 421
3076 9477 281
382 1673 177
2522 7162 351
8815 997 88
900 8457 438
325 7965 162
9669 8178 463
2350 7756 112
5664 1034 173
6464 6766 374
2237 6194 351
518 2928 376
2695 5450 391
4899 617 240
2487 1517 197
5278 1843 14
4440 7864 193
7756 6566 449
368 8582 335
2541 1398 453
8767 3636 148
4471 506 76
1847 9554 379
9090 4453 496
7330 3292 366
379 4922 61
1394 9363 277
587 7119 343
3888 3839 277
4575 2732 27
2029 7852 163
2029 2323 170
4957 522 224
9688 9613 29
5037 6943 173
1903 7323 96
3316 8717 311
2593 5656 282
4788 5896 121
5565 471 205
4092 2500 57
2608 881 380
1630 5839 255
206 5527 368
3235 564 311
2260 8819 486
9856 2135 55
3167 4728 63
9949 9516 459
6922 1433 431
6628 5526 283
537 4486 165
418 6116 4
3525 6322 383
9893 5909 300
9556 8169 119
6543 4378 255
4950 7545 335
9014 3847 204
8973 7121 137
5756 101 15
5040 639 1
5205 7409 469
7561 934 291
1796 827 52
6596 383 74
6568 3278 452
8675 8229 497
5510 3595 196
4566 2568 318
8704 8325 419
4719 9717 58
1573 1274 467
4542 8835 253
186 6983 80
1738 9932 316
4164 6500 446
4616 5175 175
2614 7037 122
7162 1604 43
2480 6660 368
7900 7731 437
310 9304 211
130 199 46
883 6737 381
8816 4827 313
7132 8992 313
5078 3608 340
7606 6222 230
3728 3385 334
8771 2217 346
8491 6469 77
7928 6780 234
4991 3262 433
889 4145 170
3771 2961 497
6584 6445 489
2250 1524 98
3090 5482 172
3672 5562 409
5858 686 479
4704 5529 448
1282 3458 80
3516 4801 342
2301 5691 488
7823 9462 301
8172 2398 247
7514 4648 123
464 4091 105
5988 7763 167
4898 3622 205
2377 4678 235
2677 5960 45
9758 5828 346
100 4481 37
4588 2304 499
4742 6829 250
4989 4343 398
3112 4807 341
3069 795 457
8588 2045 431
4794 774 109
6529 3452 422
4426 3210 250
772 3310 84
2810 4251 240
661 8993 69
911 334 412
2162 9798 71
3855 9219 219
3312 7807 116
2743 8953 391
3205 1834 343
9627 6260 405
1877 7033 215
1313 6195 318
3054 6856 311
1623 4120 497
888 2634 295
1311 6489 366
2530 6154 174
8499 5249 479
8890 8454 314
9085 8081 426
2490 6311 459
5557 7624 6
2876 7030 215
5539 8654 335
8537 5894 321
7684 7205 310
6051 6088 316
8577 4587 66
56 9829 20
9722 8914 454
5649 1404 117
4960 6961 93
467 6189 124
9182 1729 130
8369 266 24
190 4302 81
4852 6705 21
5669 5282 460
1735 1691 289
2607 7765 55
7913 3414 311
9530 4727 273
1476 1546 462
4100 728 43
1730 5449 309
1606 1991 464
5039 6843 169
4561 8864 304
1373 6951 347
8015 9559 112
3570 3824 379
6882 9707 458
3507 1183 4
6321 5283 84
865 3365 33
2026 4971 24
7490 6362 219
6012 7275 84
6168 8649 35
8015 3016 446
3979 6586 271
9710 9820 478
168 3327 161
2172 9649 296
1256 514 161
2141 2540 484
8665 6383 346
8385 2395 122
3321 8563 123
8856 2930 139
303 3261 77
1926 2972 398
6904 3140 225
9417 1665 226
7213 9273 92
4726 1415 485
7210 6432 368
2408 1169 115
4882 4490 30
2357 9699 312
6496 2 73
3574 8280 45
6824 1536 186
7049 953 203
9628 4518 476
2720 5596 391
4705 9158 324
9425 1566 493
6540 2801 336
4922 5158 35
6234 1655 389
808 1581 169
8353 8405 205
5391 1806 10
4094 7786 380
2071 507 476
7814 1564 134
9990 7342 200
6984 3882 353
4820 5157 12
2355 1391 19
6244 2199 100
4765 6905 357
8470 8648 163
5832 2743 450
7712 1166 309
5188 5332 225
1822 5323 67
6374 8659 302
3728 3479 459
6240 2186 202
6759 4782 254
5211 9547 159
2068 4369 307
7083 201 402
9885 7913 420
9546 3101 253
772 1275 428
5691 7649 87
4493 7729 418
4804 321 104
6507 3432 238
6761 4995 137
272 7063 6
2431 499 59
3686 6736 324
2458 6283 425
6563 3407 52
5991 5450 53
4078 9944 135
1996 1100 456
8452 7607 241
9690 720 236
6827 7344 152
4685 6128 151
9096 9814 239
1420 8624 374
3197 5188 133
6249 1179 84
3303 1610 28
4438 9958 480
2246 8411 440
3487 4453 12
9724 7633 357
9376 8670 337
5879 7767 151
5470 9187 127
1345 2385 315
6978 8634 347
8062 8289 457
5442 9079 267
3923 1326 178
2715 1165 484
2227 7241 117
9084 2969 287
8421 8848 54
3924 671 94
4404 2016 479
3719 5346 465
6918 3409 107
1727 5203 186
6495 5478 364
9673 8193 30
9 421 123
1626 5857 93
1914 631 293
6320 907 464
9914 5311 480
2245 9031 327
3211 5949 88
8818 7677 143
9856 524 474
2221 6549 167
2103 6559 440
9226 8185 150
5671 6451 281
965 9124 188
6929 5390 0
4910 7636 383
4589 7199 184
4029 6017 213
8672 2225 237
1498 4446 287
6166 2901 198
3958 8480 383
7608 4151 187
8241 5116 311
3430 2046 201
282 3308 189
2517 4249 388
7053 4630 257
9267 9654 483
8356 1153 429
3995 7319 183
6193 7629 163
2929 5238 166
6116 3479 283
4779 3261 181
8832 9895 341
522 8764 90
5762 5818 220
7020 1437 374
503 6145 27
4784 6493 198
1967 2686 328
3982 1967 418
149 4435 249
7784 9214 363
7465 4399 110
3158 1273 375
6748 7035 45
1320 4055 482
9194 4558 479
4574 9343 472
3624 7662 11
3952 7997 478
2222 8146 414
3972 2282 480
5335 6099 379
2945 9257 152
5672 2357 188
4217 3677 243
551 9223 154
3031 149 349
2003 3774 11
14 7726 360
6345 9949 358
759 273 140
7091 5608 91
1471 4905 348
3475 578 57
6163 4795 234
9259 5347 310
3265 4730 459
6614 6733 233
3977 3100 312
9338 9445 113
9196 6556 386
7689 3647 346
2280 1470 103
2481 4946 181
5038 7461 329
7625 3072 176
9435 6337 406
1394 9303 491
3480 9633 443
9644 5323 240
5757 871 296
8495 8560 296
3193 7193 266
2796 9674 64
9330 4712 26
659 2337 98
3687 8124 288
1445 9519 91
2288 9351 76
6232 5347 399
5972 7456 271
8621 5951 183
4917 5496 376
2683 4644 402
1748 3974 115
4626 985 304
4224 4672 429
2864 6117 300
808 4758 3
8384 990 350
1284 6962 306
1407 5583 109
6442 6852 105
2319 5888 249
4221 3988 76
7188 8614 61
2493 9190 234
2274 2055 203
7926 9215 461
2929 7599 303
3279 5235 118
7437 2994 201
7546 9437 406
9503 1756 294
9752 2329 282
6680 9518 248
8242 8363 290
828 637 197
5883 8563 412
5697 7844 12
6500 1123 247
618 4912 94
6672 2458 31
9578 1961 287
4724 8065 116
3858 4746 486
1606 9340 349
1248 168 338
2946 2403 253
3858 8100 97
2370 4601 72
2470 1571 484
5564 8243 294
4447 7821 255
8734 8897 321
1702 2755 419
541 713 259
7742 1962 279
5581 4908 182
4686 5118 283
1636 3841 236
6060 2663 307
5397 4579 51
7191 9026 224
947 4112 122
9120 5814 229
2039 2707 443
650 450 257
9429 2383 17
611 7069 135
6246 5057 476
6482 1118 491
8290 6515 70
4693 3706 96
5269 1005 208
4743 125 375
6973 8516 82
6268 9166 32
7525 8595 267
6394 5559 337
4029 1805 394
1858 4640 364
2349 9282 379
7420 3975 438
7868 5596 443
2429 340 421
2804 7313 437
2238 3581 456
2123 7458 403
4390 204 462
79 4233 120
4474 2443 260
2690 1145 42
1070 4917 369
9508 2785 465
5303 5214 305
1224 4370 470
2014 6609 403
1970 8732 361
6873 9474 417
3688 9554 151
2308 380 446
5568 3070 91
4462 492 360
7331 0 498
2148 1656 212
954 2880 435
9776 1246 396
2180 3216 480
8393 6442 454
4811 130 8
1814 8790 388
1260 710 311
8204 5172 303
6416 8855 156
7414 1003 312
9979 8309 44
6914 8086 291
6810 266 359
1790 5011 153
2596 9822 135
6605 1636 425
7345 9249 135
1156 3805 307
5460 221 14
2468 7636 18
4780 3967 179
6324 881 117
9115 4043 235
7827 2185 247
2980 4781 421
4616 7738 58
1393 5084 159
2529 2592 464
5188 4404 37
6703 6872 25
5573 1652 492
9104 4329 225
722 9796 268
5309 7623 305
8556 6956 439
7978 1572 177
5388 2965 113
8399 1846 206
5215 7035 462
2252 90 335
3278 2015 339
4622 1119 168
6848 8193 465
9468 3503 440
626 2059 396
6565 6389 320
242 8129 138
1708 6528 336
5766 1743 371
4228 348 313
9563 9978 328
9255 4600 300
3275 7800 493
7092 7269 496
8533 7895 408
3281 812 149
5954 1054 279
7944 9114 159
1780 4880 255
9004 9109 103
6317 5024 81
1998 4279 181
8798 3907 334
3791 999 103
8640 9532 350
1900 9166 162
1549 1472 68
5680 9416 183
6340 7548 415
5095 6552 24
550 9222 401
9631 1220 180
9664 6370 439
7498 6513 439
8953 1505 323
8303 3405 489
4817 4955 313
8738 6987 229
5421 3327 278
3336 4774 182
6713 5324 404
5114 1307 476
4146 7324 198
7086 1174 64
1025 128 69
848 4783 475
6190 5953 282
3003 4691 269
5585 6464 97
5715 6152 223
2397 2865 400
4654 4331 59
4482 8478 383
681 1916 58
9745 9293 38
6666 6493 321
641 2683 274
5923 2039 465
8193 3976 281
142 9691 434
3217 8440 151
1617 3094 483
4029 3929 313
7412 4610 229
8322 707 22
9360 7373 15
5182 4367 51
3308 290 442
6126 4835 418
5407 1329 109
841 899 401
5493 8868 496
828 2897 425
4641 310 387
6722 8632 446
1744 4345 171
9611 9527 38
6514 9187 181
5456 5313 368
8374 7073 50
7335 4266 449
4737 6111 169
1585 6939 67
2362 7932 229
4101 4654 213
2899 2750 58
9070 2362 437
9609 5228 125
6790 685 290
1510 5411 363
7560 9099 482
861 188 93
3031 8125 385
4450 6839 317
6179 7292 472
9244 191 222
303 9261 436
7240 8870 17
9717 2012 202
7508 9875 465
8723 7435 416
4205 4649 456
2151 7680 81
7036 2130 420
6205 4661 212
3677 3905 403
252 560 17
5540 4153 239
6057 3870 252
3611 7730 479
2929 2806 414
1345 3363 415
6302 5514 95
5735 8902 77
5656 5108 238
9220 5137 496
2976 5389 56
2345 930 209
584 3339 432
7188 6951 162
3667 9880 320
3934 7577 184
8849 3879 50
7797 9615 453
8874 1623 413
965 7195 50
3313 6523 292
9869 8868 74
579 9453 413
1511 2993 216
6525 6661 448
4346 595 26
1882 5796 257
4932 3593 372
3237 8820 347
6650 6137 395
1553 9450 418
1845 9319 139
5771 6250 444
3036 4113 437
7253 6991 98
7701 1337 45
2079 3219 194
337 4503 287
4561 7741 459
409 743 96
9804 2296 46
2074 493 218
3213 6264 468
157 9301 434
6447 2906 425
9397 607 114
2943 2687 185
4989 9376 188
4276 3937 281
5088 4346 25
5684 502 321
5731 2577 167
1449 2142 431
9769 8652 84
8555 5099 490
4332 4496 450
1446 3791 489
4483 8780 365
2024 9409 302
7305 4497 1
3330 181 355
8004 2264 432
3171 65 427
954 6187 79
4391 4742 30
4381 9075 378
7683 6873 170
3672 1357 302
9037 3381 211
4692 686 60
4693 369 94
1548 4725 358
7333 4248 276
1612 5202 463
4543 5945 205
2573 327 280
1451 4362 154
473 8035 363
4628 3424 244
8191 4468 282
6252 5513 3
846 3414 228
4056 7099 476
3684 8711 31
3147 3254 476
3705 2179 155
3337 9982 370
9843 6808 405
7706 1436 181
5302 9627 150
9937 5879 163
4940 3077 77
1021 3486 176
4997 7170 239
6880 6670 345
4709 375 24
9216 64 359
8086 9908 167
1343 3966 103
4377 9269 230
5527 5558 462
8542 498 391
4972 1519 377
8500 2869 400
740 6101 422
2585 7162 149
2962 6379 213
3321 817 473
488 8513 440
5443 2890 61
3673 8417 119
487 3311 469
379 8283 341
108 3136 210
3360 3876 163
3282 2813 326
6283 5775 57
2997 9096 374
2322 5936 387
5614 1379 277
8175 1405 46
2646 1892 210
7616 2271 493
457 8732 129
2519 2092 357
682 5375 171
2360 1658 446
417 1007 395
9292 3330 331
3031 5296 63
9661 3472 468
4707 2470 360
9417 6438 484
8763 3247 216
1244 2118 160
3954 2801 387
3125 1513 46
4423 1931 405
1170 7575 87
3854 606 384
7917 6619 208
9737 1327 30
3449 7096 469
9433 2211 68
501 9808 187
3662 3762 340
8549 6887 353
1447 7662 284
1705 8833 211
1644 2687 170
6880 6956 289
5588 6693 468
9471 142 417
3440 5928 128
7008 6429 436
2695 6443 198
3887 1345 437
241 9144 100
4877 7201 285
7089 8846 472
2611 5726 428
8400 7667 121
8221 7138 115
5138 6930 43
618 290 325
9555 9338 120
8605 3225 465
895 9818 462
847 4696 163
9632 8137 361
7456 748 440
5884 5500 459
7357 3721 97
8972 5211 379
2868 5830 21
3193 1737 359
6313 6694 437
7131 7589 255
3445 8436 451
6960 4420 440
9322 1876 188
3762 4112 41
2221 1469 114
4170 6794 326
9401 6014 156
4922 9207 245
6134 1872 439
571 5355 29
4826 8800 317
130 5761 238
3570 1435 114
4111 1549 79
152 122 48
6266 4292 194
3944 45 208
7452 4967 267
2697 1101 492
4637 8024 347
518 2851 0
4835 2981 113
9925 2903 48
6892 7014 449
7971 3518 71
6871 9785 215
2566 81 260
626 7534 227
4246 231 181
9738 1220 205
6937 1738 408
9289 2926 389
7402 2851 145
3302 6095 159
751 4066 178
4674 938 315
2889 9856 248
1149 6834 282
729 1080 366
1410 7170 438
6467 460 177
4376 9749 455
1617 3504 158
1762 3158 254
5274 262 320
2304 4936 110
5471 7826 466
8719 5327 301
5854 6056 233
3220 3818 404
4510 286 216
1187 4662 317
3494 2631 173
8653 4394 332
9907 6020 446
1579 8324 234
4190 3795 412
3008 2514 240
8661 8368 296
5395 7940 115
5651 2451 253
6367 9990 415
9536 3485 398
6210 8490 292
2394 4749 164
8840 6328 488
2926 6870 283
4839 9879 150
2079 8540 370
1727 287 311
5194 5938 114
8947 8657 104
3714 4546 441
1113 756 283
2905 3150 32
7070 8342 213
5910 1268 83
8546 6107 314
3696 4538 355
3566 6266 494
7729 1460 285
4343 408 294
7300 4122 340
3741 5235 96
5025 4493 98
7409 7915 440
6122 177 61
1706 8723 20
3520 2419 59
227 2338 177
7222 6419 137
6507 763 397
801 8063 372
5994 8156 459
5590 9533 304
1041 6943 71
8481 3065 249
9894 1123 472
7415 4644 244
9474 1223 434
4151 8445 353
6640 1304 468
9538 8458 383
9262 4452 40
4221 6394 425
6378 7435 368
6449 2269 286
6698 2163 409
2023 9578 53
6119 5404 277
8905 9555 74
8110 2548 231
8079 8438 189
2462 7700 493
1354 8273 387
9780 4651 323
1500 1101 444
6286 4151 107
2196 2526 186
9101 4997 90
7230 3902 498
3805 2013 46
8036 6444 484
7077 5258 36
570 2965 309
457 9097 461
4132 597 62
76 3236 65
4536 1784 92
2222 885 89
1664 8116 344
7014 8273 209
4912 2661 153
4896 9738 263
8932 6660 228
7594 3469 325
4555 7602 275
8969 4030 363
7534 8566 147
8626 7140 384
1068 5157 352
7412 2171 125
8473 7084 138
9626 8332 228
8741 3617 388
4470 1211 358
5647 5766 460
3774 4735 342
5137 8621 261
4636 7248 401
5021 4668 410
9873 8432 82
9351 6905 18
1489 6531 202
9718 1624 319
4606 2446 382
9316 4446 0
5276 8220 87
7971 9710 209
9232 4346 309
3985 5719 477
3896 5593 409
2330 4944 314
4200 2785 197
4402 8855 321
4574 9814 268
5956 9130 66
5809 759 286
396 8730 348
3605 4314 47
414 4651 266
1891 8547 211
8152 7229 7
4966 1429 293
4663 2184 0
2337 6758 314
2457 9066 445
7023 4875 204
6161 5272 286
1362 5229 100
909 5644 103
6175 3887 151
9739 2040 232
8246 3358 14
5891 4374 198
2392 6711 308
8706 5520 374
503 2543 102
6707 5056 226
4345 6418 455
6297 7327 451
2901 9855 339
4404 9594 231
3136 4192 89
9650 84 463
4700 8828 26
6508 7534 46
3735 4390 441
2189 7449 498
5915 1795 416
4870 8092 96
2174 993 303
7013 5397 397
6596 4886 441
3185 888 25
501 5589 353
4527 8449 240
4074 8536 130
8867 725 431
2365 6640 226
2282 7863 319
2230 37 164
2033 3402 414
7782 9998 152
7723 9535 40
4101 6388 481
9306 916 431
8398 1342 467
1880 209 193
2812 8927 185
5538 1209 400
2709 9791 289
7226 1824 191
3492 9606 41
4644 7329 429
6684 7782 317
666 7089 85
9449 5487 279
416 7368 341
8461 6532 268
3147 2070 329
2047 1132 120
7337 8358 444
2380 1850 402
3774 6494 83
4703 9530 366
8372 6548 455
9310 5997 294
1589 6414 14
430 4875 46
8198 4374 469
9879 2774 101
4999 111 459
8295 8843 161
1197 2617 155
7781 3672 37
2147 8397 86
9954 7707 83
9600 9296 349
6615 6079 77
6513 629 451
8482 509 77
1583 5508 40
9394 3804 384
9055 1353 353
1562 9134 378
3600 7633 275
8538 3939 482
3121 3540 130
6823 6507 209
5400 3020 339
4703 7855 348
6781 9438 208
5321 5185 12
9057 4240 366
5411 5803 352
1789 5755 486
2916 4293 425
5398 3766 317
3528 589 324
4090 2341 197
5281 3397 52
629 6530 342
4189 8203 27
1554 7261 120
3920 9024 275
8124 813 30
3610 81 323
9388 5479 441
8705 5359 383
882 5801 76
6079 1082 473
5483 8063 3
677 2253 59
1057 3807 320
5677 4079 344
2452 2203 9
4982 2166 90
8157 7906 421
1450 2963 132
5333 197 434
7910 6276 16
3883 8111 432
2739 8789 185
9798 9846 344
470 1875 275
166 4327 478
675 5661 496
7617 170 254
6390 1620 218
522 6954 415
456 4864 44
7825 5099 7
9609 4190 148
7294 340 494
1490 810 369
9765 7328 48
6595 4355 209
1944 1972 379
5198 8362 352
7768 5237 306
536 5693 22
5932 9870 473
9439 9479 16
8088 3125 356
2934 967 19
9656 732 347
704 3680 203
3766 5624 27
6997 7174 242
1849 1295 479
7 1831 24
3029 4115 395
3855 3554 226
8871 7994 204
4227 7281 171
3098 6937 256
2946 3993 288
3501 4111 412
6028 1109 438
3270 9310 233
5749 9318 416
274 8699 31
1021 2554 438
7599 1425 284
7303 2005 65
4327 5103 354
2083 4401 200
9871 7902 311
9635 283 272
2925 3553 83
7511 5655 253
3927 2281 452
811 3302 7
1249 7253 284
2385 4557 289
803 8884 245
6157 7319 146
8209 3542 401
8021 9529 184
1645 2454 237
8228 9965 244
481 3893 25
7786 1056 179
1293 2305 433
8929 1042 490
8571 1845 226
3316 4355 397
8814 2564 439
2215 6937 468
5899 8583 274
9489 3163 240
8733 9997 485
259 7783 41
7790 5428 198
6223 709 92
5565 9280 438
143 8948 293
2040 7763 209
3831 6330 147
5151 2230 82
8926 8071 97
9018 3156 446
9355 9767 81
4396 7558 9
4446 3781 71
5538 9347 351
4828 9490 300
8473 7883 415
4683 1714 245
4182 6866 327
8616 2144 398
6213 7514 55
6512 6869 322
4593 7617 232
4455 2063 14
5026 3953 213
4877 5134 55
29 3607 438
2944 8290 5
2190 8824 223
17 7440 219
2268 6 233
7675 6518 102
2849 1111 219
5582 5566 134
8448 6944 439
7013 1822 73
5068 8203 181
7359 1148 471
7716 9690 296
4939 6059 88
658 4679 94
3891 2354 112
345 5204 76
8064 7138 494
550 5586 439
6989 2599 113
8563 4019 316
3744 7730 316
3567 5446 358
2215 385 270
4656 7395 449
750 7638 156
9715 7983 212
6143 2399 350
8137 2949 288
7076 9939 239
541 4854 258
5858 4950 341
8674 4869 287
3885 3437 25
5155 8093 420
7456 5195 59
2112 4910 394
8324 7405 294
1674 5543 243
6962 8971 34
7553 9513 388
2164 1723 338
4505 6749 208
2292 634 145
3169 2141 238
5090 9598 433
1001 1710 196
1247 35 101
7541 8061 496
6785 1376 468
2319 8929 333
9060 1093 56
4398 5598 305
958 4243 292
4603 7412 433
2693 8854 31
5979 6207 242
4175 7455 129
6128 4996 190
3625 8133 66
6445 6805 496
8778 5865 441
9186 6615 40
6343 7574 135
4135 2177 47
421 4871 254
9952 7202 461
7546 1377 416
5175 7505 413
866 7482 398
4284 3927 203
6632 9057 68
74 8243 36
5466 939 110
5101 1426 287
8500 1847 10
754 1800 212
9216 5698 441
5132 874 299
2397 8092 281
7796 2376 61
6351 9009 470
772 9083 66
1808 901 5
418 6002 431
7557 854 279
5920 7961 431
1484 7177 129
8426 8661 355
5577 7411 447
210 1559 176
8771 7910 37
2742 8682 472
1308 490 373
7165 908 227
8096 4818 81
7227 738 42
4510 2222 71
7492 648 85
1347 2577 496
9647 2788 55
6675 1559 317
2712 653 0
4184 8313 490
6557 5478 251
1284 9927 69
3217 3506 307
3112 4369 29
183 1861 30
2268 9560 107
8116 5559 247
5523 2234 307
841 4946 312
4841 9130 478
5683 5687 456
7434 3323 235
355 2893 94
7662 6005 315
3544 6188 176
6426 4809 88
1885 9277 148
133 4801 382
6292 5642 181
3104 6835 311
4582 2518 351
7891 9953 26
7478 308 419
6924 4323 424
739 4219 465
2767 645 126
4356 2530 403
7856 2663 204
3590 8955 198
4271 8412 33
435 2994 52
2286 7237 357
3812 4716 17
4584 7992 340
5008 8732 59
4325 1499 56
8451 2207 87
1855 63 102
59 3654 410
6610 7925 322
3643 8360 168
3195 6998 406
5404 7163 474
7922 1747 318
1114 3107 50
8526 7433 402
6582 2236 109
3521 4091 173
3124 503 179
8034 7113 456
7708 756 169
376 304 167
6634 5708 182
3960 3630 281
9279 4745 389
9681 9623 174
1583 6205 410
5693 6079 2
6218 9203 357
6749 3589 470
5205 7649 78
8374 4377 382
4894 1012 91
8576 1324 73
6710 603 170
1599 285 293
6625 8220 351
7535 265 430
8889 2835 485
746 9584 426
6068 4790 75
2147 9516 452
4881 762 316
3324 5691 141
1750 2401 96
4920 352 233
4066 6977 454
5769 4512 219
7199 9754 55
536 6852 491
7462 2921 133
8389 1420 150
7341 2653 264
10 5978 455
4003 7728 208
8599 9000 60
9833 9418 37
5639 5187 402
1710 8738 156
617 9274 8
9109 6736 281
8742 5125 53
4244 8819 207
6861 8829 185
8816 2832 265
5877 7783 117
6937 3968 36
1327 9607 223
229 7670 462
5237 8287 236
7097 3748 325
8231 2491 302
784 3087 121
5991 9948 302
3528 5117 486
5145 994 270
5763 4283 238
5799 5610 198
7374 2191 220
1336 3780 7
925 878 256
7250 9109 99
5052 6245 186
8026 2237 487
9828 2117 104
815 7263 98
5937 9378 381
8675 5177 344
3725 2551 35
6445 240 316
3805 1165 46
4913 4767 7
8512 6171 252
1550 4197 341
4537 378 459
8993 7545 74
8091 3482 452
7825 2157 481
9521 2235 32
3408 8680 124
1076 8837 141
9622 3750 408
9981 8614 432
234 165 129
5427 1054 359
2738 48 404
7312 4491 386
7616 8668 396
3097 8189 131
7482 1598 163
8458 9026 353
600 5001 103
7508 4982 218
3292 1568 235
6922 6996 289
3633 9734 337
1538 3399 181
9276 7367 349
5524 6817 391
7655 651 341
1171 9109 367
3524 9709 368
5979 3570 203
697 6862 271
1932 136 267
574 3770 354
9263 1660 105
2444 936 324
646 6461 141
7037 468 292
7730 7991 402
1097 7867 111
5818 3847 33
5521 896 396
6792 9181 32
1412 9755 302
2118 9018 314
2575 1463 103
399 2109 416
1393 5498 236
6685 3228 228
7439 677 447
7903 6495 146
1936 2016 395
2832 5161 76
217 2925 331
1371 5043 349
4186 7618 164
4289 4369 125
7205 5762 123
6941 8800 203
1021 6239 381
9321 494 228
1467 2431 97
862 1615 258
5790 1832 183
4121 3204 78
7823 7390 196
2987 8031 417
6613 1588 180
2088 8529 480
792 5903 71
6525 1576 66
8753 3043 349
5702 258 464
1460 2400 149
6495 6522 353
6573 4345 95
621 3684 126
9039 6649 214
9571 8738 95
8903 5882 350
4474 8759 426
6892 3864 322
1741 9567 432
4558 1027 332
9207 3875 354
3412 448 51
5007 1070 88
985 6461 237
2199 6032 475
4646 4935 209
2997 5761 468
2923 9006 333
8597 747 400
4529 1657 279
2862 7216 154
4068 628 103
9620 5635 25
1560 6620 338
3797 5171 370
1125 9818 157
4334 9167 418
6303 8442 424
8488 7040 24
240 1569 33
3019 4431 250
6026 4852 378
9481 824 366
358 2384 338
7696 6181 10
1066 7306 180
5723 1641 347
2493 4296 141
8270 9136 181
4794 5728 103
5679 5099 34
7429 1125 238
6160 6958 62
526 7316 446
7864 5012 480
6726 2430 286
1758 8153 279
5957 6999 427
8599 5269 415
8280 6415 143
5883 2094 243
4270 5876 220
7508 2036 179
1571 8914 495
4369 3130 8
3349 9857 438
5988 1615 444
267 7573 295
1547 6172 64
1962 804 331
4458 3040 277
5701 7310 153
4421 1170 41
6452 9093 455
9448 9815 86
3808 3164 295
598 9152 410
1894 5772 335
189 7319 359
105 5633 16
6436 91 56
7566 2144 218
8219 2918 240
3613 9370 334
1568 8818 149
2654 8978 165
9949 9577 318
5212 1471 442
4399 1661 113
6111 8118 246
8627 4555 190
535 8473 334
9753 3044 104
6493 6657 475
8679 8226 145
680 7232 124
5846 3534 53
6516 5098 24
2958 9497 37
9423 1960 156
1521 587 63
3711 7474 36
4398 7227 80
8002 73 238
7329 5104 316
5475 5785 48
8951 1631 434
2004 4499 32
2880 3809 382
5418 3232 342
2426 4753 282
341 4817 256
377 5567 336
9809 9921 409
5899 7251 365
6567 9078 150
4468 8029 133
5902 33 132
8787 2913 441
1169 4683 173
1863 3461 279
3145 3802 448
8254 531 15
590 6693 288
9351 2592 39
3216 5512 469
2867 9980 498
6852 2234 383
8985 1021 149
4926 8542 332
452 6758 294
7083 9903 448
4883 4509 480
8250 1451 173
1538 802 117
8430 371 129
4399 9590 461
4750 6442 196
5133 5427 69
4782 6706 112
5467 3510 370
9613 6945 125
7561 1828 487
2393 78 438
3918 1616 241
8036 6398 112
4017 798 54
6331 5548 496
4527 7033 276
96 8168 482
560 3635 344
7782 9600 289
1260 3513 469
9247 5907 47
8685 9825 15
5278 4213 414
2242 4583 64
8796 914 464
1793 1793 497
6569 8241 17
4403 8802 152
5747 2936 104
388 4196 118
6857 3443 377
9756 2129 54
623 3759 120
7889 6002 203
2305 4798 117
2269 2943 262
5619 9512 3
7136 267 305
8641 6014 242
6097 2754 290
715 9611 234
3944 5719 215
6999 6343 474
619 584 476
5174 2890 127
643 5159 70
7905 7130 435
3408 619 202
4066 9260 217
7660 5357 323
5450 2425 435
6684 2721 6
6399 9720 201
6226 6691 286
5702 1865 176
6329 8860 187
6252 6765 170
5687 174 289
5389 4240 401
7458 8252 110
2282 3702 387
3069 387 109
9575 3138 329
8777 9364 373
4915 1419 90
3943 4100 451
4482 352 216
2152 6039 242
441 7781 334
4342 5239 86
6305 7521 289
692 590 28
7801 6518 18
983 1647 235
856 6562 154
5298 505 106
2249 1339 459
2318 3492 350
8912 3933 131
9747 4628 371
5185 933 244
4326 1625 187
3854 9427 205
