6 27 67
59 98 62
86 46 40
5 32 30
38 78 58
52 96 38
99 78 91
4 9 76
91 89 79
67 78 65
31 36 45
51 95 43
13 33 89
5 38 73
36 76 51
94 80 99
84 79 29
76 36 39
4 79 80
35 47 10
1 78 46
46 81 94
89 94 27
78 52 66
52 40 94
55 86 75
7 23 6
88 51 42
27 55 22
8 91 21
18 44 99
17 90 81
11 31 27
38 9 31
56 13 71
51 21 58
78 80 81
36 68 84
31 48 39
53 8 82
26 26 26
77 95 68
10 6 99
38 97 61
21 53 74
93 56 47
3 86 27
36 23 96
20 54 96
11 59 4
94 85 30
20 62 78
41 25 84
40 63 33
1 84 87
28 29 95
75 32 82
55 20 5
3 40 11
99 52 22
3 98 59
85 70 21
63 11 46
0 52 61
33 53 98
20 81 79
16 9 64
50 64 84
7 67 77
18 66 29
40 69 79
99 6 49
72 70 61
71 70 65
84 3 18
34 76 52
14 92 61
78 94 77
62 1 96
39 19 62
20 11 83
51 62 89
1 86 11
14 9 81
79 46 37
49 80 13
1 46 57
14 24 51
43 39 52
39 30 23
1 3 34
36 54 48
78 7 34
89 21 96
23 0 42
60 2 74
73 3 21
30 70 97
81 13 36
33 53 19
8 6 74
42 95 28
42 73 88
28 14 9
24 37 62
18 97 64
93 22 19
14 52 89
63 85 55
52 70 8
71 78 66
97 72 61
77 14 34
65 43 1
75 19 38
89 38 88
53 83 10
72 49 15
14 12 0
69 64 71
29 87 1
95 84 74
9 14 40
95 79 35
96 6 55
35 95 45
75 48 80
85 73 29
52 87 41
53 8 58
76 37 97
29 84 82
3 93 96
96 89 27
31 85 34
38 72 29
35 47 30
15 85 55
96 89 42
38 42 2
48 70 39
45 0 75
79 55 69
27 3 58
55 87 95
41 25 20
70 13 67
52 28 4
7 25 94
1 15 88
3 15 11
94 12 63
70 92 70
91 71 74
1 26 61
48 19 38
68 42 51
88 94 32
44 54 9
38 55 76
79 11 91
42 57 3
5 79 47
27 70 19
1 23 97
14 72 17
5 40 59
56 80 5
40 25 59
1 15 67
77 94 78
20 36 87
76 93 67
75 21 89
46 74 13
44 41 37
13 46 29
72 54 10
29 95 35
89 48 50
8 26 97
86 98 85
73 26 31
92 2 52
82 48 78
47 44 19
36 57 65
65 81 20
27 11 67
14 52 15
17 60 93
14 98 44
51 23 70
82 16 24
86 50 25
65 49 69
84 85 79
50 2 60
22 30 23
41 96 27
56 13 87
2 79 37
98 31 61
68 13 29
45 0 31
70 65 32
91 1 17
70 3 19
83 25 1
6 66 98
86 75 11
25 29 43
63 27 74
76 47 39
57 92 91
40 14 8
72 6 10
89 76 13
60 59 91
14 18 57
64 4 84
75 29 65
70 92 92
44 20 40
36 77 84
27 17 99
36 89 5
98 30 33
63 43 93
54 57 11
64 21 15
0 48 96
66 19 89
58 15 61
50 51 39
87 79 8
86 67 98
43 17 80
28 80 23
21 35 80
84 99 1
51 99 2
48 65 21
89 76 88
50 26 40
41 13 71
50 51 38
0 46 55
80 75 35
4 48 22
36 85 73
90 36 25
92 36 90
65 77 18
53 80 97
93 21 62
64 23 66
54 23 12
61 56 39
49 12 88
71 48 73
45 38 61
70 82 50
12 99 27
83 53 7
80 98 81
42 15 4
8 21 28
73 83 36
12 32 48
52 3 96
25 0 87
39 22 69
89 35 69
16 18 74
76 50 24
57 44 39
61 5 61
41 78 96
77 90 28
25 43 83
22 20 84
61 59 6
82 0 93
3 69 63
77 45 13
2 2 58
93 15 63
6 57 93
2 86 35
30 12 78
14 86 51
50 47 62
8 81 63
2 85 32
17 62 29
31 16 83
41 62 50
56 68 7
1 71 94
36 53 58
67 19 44
18 69 43
32 78 24
47 32 9
79 49 24
60 32 92
43 25 6
94 81 75
53 34 98
99 71 51
9 38 71
5 8 92
48 40 22
25 88 54
86 19 56
62 32 88
7 75 66
13 21 99
40 27 34
38 78 5
42 88 43
65 93 3
57 94 95
32 71 83
38 9 55
94 72 87
35 31 14
1 44 88
0 37 15
34 75 45
91 69 85
86 34 79
89 44 25
85 76 48
20 66 57
75 61 81
14 48 12
29 1 9
17 53 98
84 40 25
81 83 95
67 70 29
98 11 25
23 48 1
23 69 68
80 96 81
14 11 81
78 92 34
39 9 39
37 45 79
63 26 63
58 45 85
39 43 96
65 18 45
18 41 14
38 74 62
71 88 73
4 18 65
38 58 26
78 47 23
9 10 2
24 20 47
9 60 91
6 77 9
3 47 3
69 86 77
31 9 17
57 14 35
74 4 93
1 34 41
76 44 3
78 20 24
26 30 36
69 88 65
78 91 12
81 60 50
10 43 60
27 0 26
63 75 82
56 28 17
49 4 13
53 35 33
29 61 15
17 30 3
82 60 46
46 94 58
97 4 2
9 32 54
35 95 81
69 3 9
86 5 66
99 58 53
85 39 66
0 56 96
56 38 8
2 84 54
61 33 59
15 42 91
69 29 38
51 99 41
12 37 46
30 89 56
83 74 47
49 26 3
97 82 93
58 37 30
12 98 63
71 65 58
14 86 39
4 89 90
98 2 80
96 84 69
53 20 95
0 21 21
56 71 56
1 29 93
31 93 43
47 17 8
57 83 94
48 88 84
39 86 38
71 82 74
40 87 94
35 40 68
8 48 39
64 49 20
9 81 13
52 80 30
12 89 14
59 37 54
95 28 40
33 99 74
59 39 14
6 26 54
74 87 2
65 3 3
85 13 36
98 17 16
81 30 5
47 89 95
53 36 23
45 69 23
19 80 14
33 86 93
39 60 80
93 25 83
97 62 48
85 13 66
54 94 48
11 93 89
6 46 25
30 91 46
5 62 26
71 48 13
64 39 25
44 33 51
80 82 65
28 67 78
94 21 72
94 33 17
83 91 15
8 73 58
54 78 73
81 50 21
46 14 60
71 11 45
74 91 79
40 71 47
18 18 20
43 12 5
12 96 97
28 56 70
38 11 1
11 44 51
32 90 17
45 13 80
90 88 23
70 28 95
69 98 65
41 41 77
47 6 25
96 34 82
18 72 45
19 36 89
22 68 31
92 65 44
72 56 32
48 78 12
95 99 11
60 40 4
37 39 10
63 35 96
97 54 21
42 73 57
31 48 25
14 40 91
58 64 99
91 12 29
55 7 28
18 67 68
23 57 60
85 20 95
82 69 1
3 11 27
60 94 75
37 8 15
80 66 79
31 9 92
60 17 51
40 35 19
61 58 76
21 44 48
68 78 69
70 81 80
97 93 74
24 30 34
39 63 52
70 94 62
14 55 31
66 47 66
37 8 77
65 29 21
65 98 99
34 20 32
14 17 25
40 41 55
74 32 18
78 54 65
92 69 72
23 35 19
90 24 28
67 89 57
40 54 7
91 88 27
23 54 96
48 46 89
55 72 21
26 50 76
91 43 97
63 66 32
82 8 56
62 27 97
72 67 51
79 58 91
7 33 97
3 33 43
93 41 15
66 67 17
94 10 60
91 25 79
75 59 87
83 22 15
80 94 34
83 73 45
26 32 78
23 88 64
18 33 5
33 51 24
3 46 86
63 89 11
94 65 22
82 48 44
49 81 90
83 64 16
80 91 48
59 66 88
75 85 21
32 70 25
8 73 71
94 89 60
57 83 77
79 17 26
76 66 7
66 2 23
82 82 66
31 93 33
71 68 70
45 52 92
70 60 18
41 54 7
53 63 42
31 43 60
9 19 78
16 37 32
39 20 15
58 3 60
91 74 81
13 19 33
5 89 94
75 82 0
34 88 64
77 19 59
89 28 30
19 96 67
52 87 87
19 45 90
79 88 17
60 1 36
46 59 78
92 34 60
44 69 0
8 98 19
19 87 99
49 6 47
69 10 35
56 29 32
99 9 21
16 21 74
4 67 85
34 11 72
47 56 93
47 64 91
19 36 30
70 37 88
18 6 99
5 15 28
37 14 89
10 82 63
37 38 30
22 73 42
94 20 98
87 19 14
30 38 2
60 9 40
1 27 46
52 84 61
80 73 27
22 84 61
85 73 0
67 95 25
61 42 97
11 81 16
26 64 7
80 76 16
20 77 95
19 29 79
32 62 52
12 36 88
73 21 61
25 40 9
50 2 3
99 13 36
68 91 0
75 72 77
91 44 6
86 63 36
17 48 50
21 60 86
10 33 59
23 11 99
32 13 53
87 13 67
24 81 10
24 56 34
53 99 79
60 37 42
96 54 42
98 75 2
84 37 88
43 61 99
94 45 12
48 33 25
67 57 58
77 33 66
12 87 65
91 47 2
85 95 8
28 93 36
82 77 73
70 72 34
69 66 32
82 14 65
59 81 74
70 11 7
36 75 94
2 66 93
56 3 88
65 83 33
1 66 10
26 88 34
13 58 1
45 92 67
62 51 1
36 21 64
43 10 39
90 64 57
35 20 60
24 37 96
9 90 14
72 17 2
6 82 60
59 27 52
79 89 56
80 77 29
44 20 91
35 62 55
92 98 76
52 74 65
0 83 56
14 55 25
17 14 59
29 73 86
34 52 27
42 84 56
71 80 28
63 15 91
18 7 41
46 12 15
64 12 50
72 79 58
49 96 72
8 77 45
46 11 50
25 53 34
81 77 67
9 92 82
52 62 90
93 61 54
60 25 66
63 97 45
21 46 93
93 6 23
90 52 34
40 77 40
27 10 69
94 19 61
76 72 75
18 17 36
72 30 61
91 93 10
88 14 8
34 59 66
57 49 18
43 42 47
35 69 57
4 15 29
17 43 53
93 14 22
81 38 52
95 81 45
5 70 11
66 56 70
32 65 20
3 8 14
2 96 83
12 52 50
41 70 93
46 15 59
68 96 98
73 91 79
18 49 1
30 15 57
0 99 22
72 54 83
86 57 79
21 69 31
71 62 53
17 8 68
76 28 65
26 1 56
6 72 57
7 54 72
17 6 24
39 79 78
22 17 35
53 91 56
85 14 18
38 83 78
7 60 59
24 38 12
32 96 84
90 4 90
62 21 97
38 12 28
17 87 97
4 40 88
13 25 3
83 16 86
62 75 98
73 99 37
85 31 33
22 21 89
12 36 62
9 26 27
89 95 14
87 0 54
75 65 32
30 48 48
17 10 23
15 83 74
4 21 57
90 43 79
31 55 67
94 17 45
21 6 41
87 93 93
41 21 58
25 51 6
73 20 17
48 36 52
74 92 73
32 34 68
63 66 24
82 12 41
27 33 99
68 20 45
61 13 66
19 39 69
26 64 90
95 65 78
99 39 70
25 71 5
93 86 23
69 68 35
62 96 20
62 64 40
7 26 5
25 97 96
94 23 61
84 70 78
62 70 17
85 95 41
42 40 27
65 10 48
0 72 44
20 34 60
12 93 38
69 18 36
66 13 11
79 49 82
57 12 4
26 49 51
19 91 91
99 56 53
47 8 26
43 28 12
3 92 6
42 61 76
30 27 41
93 58 43
27 67 55
31 46 56
82 65 47
26 16 3
79 15 11
57 58 91
70 14 83
28 8 44
56 90 24
50 83 34
93 11 2
0 42 48
56 77 65
3 55 34
58 34 49
21 44 60
12 14 26
47 94 34
91 2 24
67 52 7
2 45 70
4 45 13
4 1 42
21 56 97
55 14 83
5 35 79
17 99 93
43 46 39
77 90 42
53 57 46
12 11 92
83 67 89
48 71 91
42 93 47
91 0 14
26 5 1
6 74 1
51 17 47
91 46 37
85 51 95
31 64 6
75 99 74
65 99 97
8 41 42
7 32 43
21 58 0
23 16 75
76 68 92
23 59 91
61 96 42
8 79 58
66 7 57
92 72 56
42 32 49
84 39 33
79 13 44
80 88 60
7 64 28
51 39 39
42 52 87
85 60 67
43 79 74
53 71 98
61 65 82
11 50 73
44 81 86
88 61 26
49 68 42
29 20 82
69 14 34
56 99 47
75 95 26
1 0 49
51 61 15
33 72 17
7 17 98
45 57 12
72 58 80
14 88 52
48 57 67
35 65 18
82 41 65
60 42 65
9 46 27
76 79 51
45 86 20
44 32 78
8 56 36
88 22 76
93 71 33
60 6 99
30 40 92
96 0 86
61 61 32
40 38 12
92 83 50
12 79 34
42 39 90
31 80 13
7 73 36
93 85 42
92 15 34
36 11 34
22 25 95
7 65 85
71 9 21
21 74 52
56 16 92
98 99 72
11 7 45
47 0 30
41 44 97
27 32 9
61 6 86
9 13 3
94 84 13
67 6 39
20 14 7
12 12 7
36 76 66
81 75 66
63 69 62
60 96 94
21 58 0
59 19 14
63 13 50
28 81 8
67 53 22
74 65 87
81 1 63
47 34 38
65 49 7
27 61 56
73 83 66
74 42 85
40 57 98
42 85 31
51 52 84
25 27 1
12 60 54
27 60 88
18 77 89
77 57 51
33 30 34
99 56 28
84 48 38
35 91 23
18 94 76
3 19 55
56 84 67
11 11 79
51 29 57
41 59 14
92 92 96
78 92 53
58 28 53
96 63 44
20 82 90
48 37 10
55 45 46
74 56 9
54 60 91
11 53 50
25 97 42
21 75 34
26 85 15
80 82 78
76 54 12
19 54 49
29 61 95
27 35 3
36 89 15
27 52 68
77 29 17
20 3 44
6 29 30
21 61 64
52 90 70
64 9 76
66 90 37
13 17 24
16 5 14
84 33 18
4 10 48
22 82 51
66 41 32
48 14 94
12 66 36
34 83 45
10 49 35
99 62 4
24 30 9
90 14 94
8 19 57
56 93 39
59 59 32
92 8 47
38 72 65
74 7 48
71 69 97
58 69 11
62 93 42
23 35 8
18 43 79
75 0 72
66 11 32
99 3 92
98 93 64
63 67 23
12 38 45
61 48 66
25 10 11
67 86 46
27 4 89
7 79 41
79 45 53
63 96 56
55 94 50
72 58 69
47 22 60
92 35 8
58 60 71
69 79 57
15 7 61
57 14 92
98 45 89
51 9 86
60 64 32
62 88 90
83 36 64
43 28 0
4 39 60
75 60 40
84 28 99
97 85 65
89 83 10
78 87 19
16 47 36
49 61 24
91 44 12
56 40 41
56 44 32
68 71 92
60 55 20
59 4 5
24 93 41
87 23 28
58 40 27
46 41 88
71 32 84
83 40 24
76 48 20
60 17 43
53 77 50
25 89 54
83 65 47
24 52 23
52 63 15
31 9 56
19 80 40
55 16 81
80 44 29
52 5 98
48 10 76
98 35 17
53 18 82
52 94 87
27 98 50
42 29 59
98 0 92
91 56 60
72 88 56
53 40 61
52 88 71
80 39 59
97 44 77
31 48 24
70 76 22
72 18 52
84 69 52
28 12 60
88 84 48
96 89 41
58 41 81
81 73 20
40 22 16
70 54 65
94 76 41
68 49 11
20 33 32
25 13 44
85 53 80
34 49 70
27 59 63
8 41 37
81 33 59
97 55 65
14 1 42
55 70 43
19 42 28
51 67 41
96 5 94
76 91 95
98 18 55
62 78 48
99 59 81
10 9 89
76 23 90
70 31 60
65 50 3
93 1 22
86 49 27
32 26 18
27 24 88
82 38 67
82 37 26
64 48 87
53 76 11
95 98 42
8 63 92
63 56 45
85 94 95
65 26 73
83 5 49
24 40 88
91 22 77
69 38 77
57 91 53
20 39 51
62 47 66
6 10 74
3 95 68
50 60 46
23 96 52
25 20 44
13 63 66
42 32 5
20 41 48
25 61 87
29 75 34
95 33 44
22 37 92
90 87 4
89 63 52
41 88 72
37 53 87
3 95 20
8 67 61
9 45 23
96 74 50
31 21 84
27 43 73
19 86 60
76 75 75
28 68 63
53 5 68
40 8 16
60 69 83
74 78 28
49 26 54
99 9 28
35 37 71
8 8 57
69 84 84
96 13 52
60 18 9
80 58 70
96 71 39
80 45 69
60 46 95
67 45 5
95 81 94
66 89 2
76 10 39
12 7 4
17 19 22
26 51 80
96 48 3
87 80 48
56 40 94
52 7 92
9 54 25
3 21 66
57 49 29
48 13 36
4 30 7
26 57 58
59 5 58
14 93 38
63 1 79
9 5 38
53 14 93
78 69 66
97 79 67
26 27 80
14 32 63
21 10 72
31 21 77
90 36 22
80 51 24
11 12 29
50 66 44
95 96 65
13 93 44
32 19 24
12 33 56
27 6 18
99 90 92
77 32 80
99 12 31
75 24 43
5 74 61
1 21 58
66 86 51
11 18 71
35 82 56
43 10 63
13 9 53
5 38 85
37 90 49
68 65 73
64 22 99
25 23 20
35 90 6
87 53 76
10 40 59
18 35 69
33 0 30
86 58 69
23 95 11
73 64 76
46 80 99
98 57 74
18 93 16
77 32 21
5 94 61
64 12 48
85 46 49
16 84 7
37 60 2
48 85 18
76 83 98
27 81 56
2 52 1
70 81 33
92 86 79
5 51 43
54 36 89
3 4 26
62 41 86
16 41 71
35 18 54
85 97 88
93 51 40
94 22 21
79 14 7
10 19 10
54 25 47
43 80 51
21 42 45
59 59 86
30 46 56
37 31 54
77 25 57
17 71 79
38 3 45
97 13 17
8 67 42
55 63 23
58 84 17
55 44 76
42 26 22
50 15 6
56 92 83
14 9 54
45 99 57
43 97 23
60 57 90
54 64 5
77 74 90
47 30 86
23 24 64
98 74 80
56 83 24
39 97 86
93 94 85
3 37 34
26 49 91
68 4 7
74 33 82
64 80 12
2 56 36
66 54 62
98 62 45
23 1 94
9 46 89
46 49 26
81 27 76
24 96 80
32 70 13
66 86 46
78 88 2
66 6 56
28 5 18
74 80 71
68 89 17
57 87 67
36 20 94
64 45 42
96 29 12
61 95 98
7 25 38
9 91 45
17 19 2
87 45 34
58 14 23
76 23 62
95 11 83
41 75 80
84 23 9
48 85 56
47 92 81
37 54 24
82 71 43
36 59 89
70 69 55
45 97 30
8 44 42
91 86 17
23 22 41
84 70 78
40 69 70
73 7 76
97 41 48
92 78 59
33 0 80
88 46 78
19 6 74
61 49 12
30 72 34
23 56 57
1 48 26
24 21 85
0 70 27
0 62 57
11 96 57
92 36 55
22 55 61
96 68 62
9 51 34
95 74 42
52 28 90
31 4 63
16 56 85
95 9 0
52 20 48
62 64 84
17 86 92
31 35 60
45 44 63
80 91 38
74 96 18
65 27 74
80 95 82
66 43 91
66 47 12
14 9 28
50 79 15
42 10 50
55 55 46
18 87 37
8 14 33
78 31 12
52 11 60
35 29 3
26 95 50
90 61 12
71 12 91
86 6 53
88 61 8
86 32 48
75 40 62
61 19 93
25 23 56
85 10 86
40 89 81
91 31 95
55 2 7
46 40 13
99 80 27
59 66 59
7 94 99
21 55 70
66 32 46
23 18 56
9 10 45
42 53 77
37 8 79
96 54 72
62 53 52
89 13 71
0 72 65
51 46 72
74 12 4
20 87 74
76 96 85
74 91 38
51 80 47
82 29 53
6 91 7
59 32 72
30 84 96
47 35 42
71 9 7
27 29 94
54 58 43
39 32 34
29 35 66
28 69 95
82 76 38
41 87 22
13 17 6
61 16 42
4 39 3
63 66 33
57 20 43
0 11 27
86 93 14
53 21 83
0 55 11
39 96 98
61 61 67
68 23 35
62 79 74
65 42 41
50 51 13
93 4 77
72 90 70
86 95 91
22 96 47
33 87 95
84 0 57
51 20 32
87 82 11
13 0 5
6 50 56
20 96 12
97 68 3
19 55 50
10 77 46
9 62 85
5 46 86
14 50 6
46 89 41
9 2 41
14 9 43
22 81 39
35 30 60
90 49 67
40 11 96
39 73 58
24 78 57
62 92 7
21 90 96
14 99 50
55 13 59
50 87 92
42 22 22
2 64 23
21 5 35
17 96 8
27 20 38
36 35 82
43 8 72
91 22 71
42 77 36
53 27 23
46 21 98
68 23 62
92 44 19
79 13 15
87 93 88
25 29 23
59 73 31
31 16 53
2 58 82
38 12 61
13 58 83
11 78 58
26 22 55
45 1 68
13 40 61
1 65 91
76 24 16
59 7 32
64 9 91
98 99 55
59 13 13
94 76 43
5 2 66
60 0 67
28 65 8
42 18 25
33 94 2
1 5 9
33 21 71
76 19 70
31 30 35
96 77 12
40 82 66
6 42 18
25 70 35
85 64 53
11 49 99
65 50 4
26 84 25
97 60 96
20 92 27
7 88 4
71 80 86
90 38 28
8 64 50
96 49 15
49 12 64
49 29 67
5 56 51
83 5 11
79 77 55
6 37 96
62 8 76
48 98 15
28 59 31
79 55 32
46 56 97
62 5 26
29 63 34
32 46 92
44 25 21
51 84 58
47 46 67
76 47 17
43 75 76
74 6 83
58 52 40
55 67 97
34 48 60
20 81 6
12 77 84
34 28 20
44 28 18
63 56 65
81 99 41
9 25 47
93 83 52
33 91 71
30 25 19
43 45 0
1 58 29
85 44 10
57 40 90
76 4 46
41 85 97
82 94 22
82 39 57
86 72 48
57 55 73
28 98 71
81 51 81
10 37 77
20 46 17
62 22 21
8 64 58
57 98 5
79 32 44
89 18 69
89 27 76
15 8 26
86 89 77
67 51 66
44 24 13
13 86 35
87 95 51
97 4 2
2 84 34
99 25 5
20 14 84
96 29 92
74 15 81
3 34 85
70 30 9
35 44 95
22 31 42
74 28 47
28 83 83
62 34 8
19 54 74
4 2 4
48 76 71
82 31 58
67 1 88
76 36 84
71 59 67
66 85 96
13 13 31
96 27 65
56 47 19
82 3 73
86 51 1
10 33 32
20 0 34
8 28 22
93 0 33
60 66 18
8 31 31
91 79 11
56 35 10
27 17 13
0 56 16
53 18 2
86 38 2
20 98 31
94 43 83
28 4 1
98 64 32
30 8 11
93 16 98
3 44 15
16 96 23
84 50 41
86 88 31
41 8 30
24 54 73
7 82 29
8 81 46
92 63 54
3 56 70
53 11 66
68 27 15
44 63 17
37 50 5
69 91 65
51 15 19
24 74 54
6 82 35
52 26 50
58 81 58
80 34 69
47 54 48
14 98 11
83 88 61
88 57 4
5 8 19
76 84 93
30 90 27
17 94 53
67 52 86
77 33 20
46 32 75
46 98 25
58 81 13
71 21 70
76 26 30
47 2 67
93 85 9
20 2 56
26 22 8
12 99 93
85 98 77
60 44 75
37 54 8
51 78 29
73 54 7
56 53 62
75 46 47
84 67 49
40 45 23
1 9 23
46 94 21
24 6 17
51 44 24
60 47 2
41 20 56
1 28 9
63 3 8
62 88 27
63 80 72
87 33 33
10 80 80
83 56 86
52 7 82
76 19 81
78 13 2
86 14 30
48 29 34
56 43 74
83 6 6
7 93 40
40 55 20
20 90 76
59 43 35
93 71 7
75 50 20
29 88 86
11 36 67
97 44 10
71 27 16
30 86 62
70 27 17
42 99 8
70 10 3
5 4 74
12 31 76
84 60 65
70 71 1
89 69 46
99 92 25
68 22 12
82 44 91
51 86 42
11 56 53
14 14 9
41 26 40
17 63 52
82 33 75
36 75 96
34 26 89
59 94 63
23 28 60
14 80 46
9 91 55
62 58 69
23 99 95
15 68 10
67 51 44
94 39 71
91 73 97
32 32 44
47 8 72
7 74 52
54 83 96
9 97 6
30 20 5
77 35 73
88 54 76
84 49 15
55 40 88
52 72 73
96 19 81
21 27 7
25 33 91
21 94 88
27 76 9
84 53 96
10 41 51
86 25 52
2 80 92
42 85 16
15 33 87
48 54 66
56 80 51
99 53 45
87 81 21
48 17 27
45 27 68
48 14 46
0 68 78
44 10 63
60 78 97
99 78 3
66 86 83
17 85 37
15 25 70
88 73 39
15 70 67
36 70 33
82 70 1
60 66 63
76 78 93
25 78 24
28 96 10
12 65 96
1 80 21
23 21 46
62 36 69
29 72 39
14 54 62
67 67 28
83 43 59
76 68 37
0 48 85
63 12 50
11 65 83
84 88 4
30 51 40
99 32 65
91 99 71
53 66 38
33 49 33
92 78 53
81 30 2
66 93 14
69 4 80
52 40 20
56 71 23
48 22 8
13 65 7
85 18 73
75 52 75
9 44 53
14 78 83
16 44 77
83 13 33
15 17 74
87 73 97
11 22 71
19 87 37
78 72 7
3 0 11
78 9 56
31 23 86
67 92 30
96 27 96
29 42 13
55 29 39
4 92 13
28 11 0
65 89 25
24 45 25
36 23 86
44 7 9
30 74 53
12 70 80
8 51 74
74 59 4
65 63 96
78 91 60
78 8 1
55 33 46
80 69 22
66 13 29
28 43 55
33 7 25
14 16 28
88 42 87
44 7 3
93 85 94
5 15 3
58 71 88
57 3 9
79 22 22
8 2 17
63 35 24
40 1 92
20 90 86
60 86 93
63 31 30
57 36 46
12 95 69
52 52 72
61 83 46
35 43 48
52 6 84
29 98 85
73 70 27
60 30 66
53 93 97
84 3 86
82 67 33
51 20 37
75 81 20
22 17 63
70 21 21
6 2 71
44 76 41
23 36 24
89 41 17
39 25 20
25 59 40
10 10 60
47 86 41
19 60 10
34 30 32
7 37 34
78 81 62
71 4 98
95 46 40
65 85 17
85 62 77
77 72 39
37 71 77
31 42 37
41 76 68
25 35 57
12 13 90
26 36 46
25 32 92
17 97 29
86 34 43
15 12 67
7 1 90
84 32 32
22 26 60
42 3 95
51 67 60
93 94 97
39 71 81
84 40 30
65 26 16
9 94 80
76 1 82
67 85 66
51 59 92
12 53 48
59 56 15
20 49 61
17 41 32
98 77 24
80 42 51
96 3 97
77 80 98
59 99 35
25 50 47
70 14 52
18 74 61
85 94 62
47 63 3
31 13 32
56 93 75
59 89 78
56 66 10
54 77 9
41 55 12
40 25 26
93 95 0
54 80 46
16 27 9
72 11 22
4 67 15
31 26 57
10 82 75
72 88 53
82 81 8
46 22 85
72 67 80
25 21 60
71 89 40
33 13 51
55 70 70
23 1 96
80 63 30
7 36 70
60 70 51
20 16 73
5 40 40
85 65 13
98 89 55
90 22 68
93 29 38
63 4 92
11 36 55
93 44 43
63 4 13
14 77 81
40 82 74
32 20 39
98 70 80
53 60 54
73 5 36
64 68 40
56 31 29
11 24 73
7 39 29
20 5 58
54 45 41
28 30 61
19 28 83
52 33 43
6 6 48
94 22 68
87 78 51
16 42 75
41 49 14
22 21 71
81 27 17
74 55 99
87 75 27
70 27 12
13 85 70
13 80 93
33 67 71
84 35 65
59 76 66
25 50 40
96 31 67
65 57 23
64 44 50
43 14 29
7 79 14
78 92 46
71 25 65
94 9 0
60 20 28
78 97 31
18 46 14
86 63 72
9 80 16
11 75 31
40 83 10
6 61 55
53 32 80
70 26 42
23 38 14
3 17 12
34 87 10
49 73 73
73 34 53
89 45 81
72 85 64
35 92 25
90 97 9
22 19 87
16 42 78
31 46 95
95 32 34
5 33 8
78 6 42
84 48 88
17 20 73
81 55 17
58 97 66
67 20 86
54 36 80
32 19 78
79 14 11
14 19 96
74 50 3
16 86 3
4 3 23
30 36 31
99 94 80
18 61 52
56 67 41
36 52 60
15 83 75
78 49 46
74 23 96
29 40 34
32 96 37
8 78 73
91 30 19
71 48 32
24 4 0
65 92 4
77 59 87
52 37 37
99 64 12
47 45 4
82 78 1
71 38 31
45 29 13
64 52 61
97 28 17
49 45 62
5 23 21
92 27 11
81 26 75
94 26 72
50 8 50
3 79 40
35 76 21
48 93 74
62 42 2
31 43 48
93 48 23
67 40 50
78 74 29
5 20 55
77 70 15
80 74 94
20 61 23
94 61 16
68 23 10
22 7 53
22 52 1
97 19 93
48 49 67
77 54 39
84 84 10
99 64 36
45 36 97
68 82 58
36 2 34
46 25 93
51 99 45
52 97 17
46 97 66
65 74 73
5 10 9
67 9 25
3 6 61
52 27 96
62 63 98
48 62 75
41 13 75
39 18 24
56 16 21
74 81 47
99 38 57
8 57 18
33 12 24
47 64 51
43 79 67
41 27 81
17 21 46
44 60 64
68 68 80
41 42 14
88 42 4
97 50 62
15 36 74
91 83 91
95 26 22
14 19 1
95 36 22
41 32 34
58 0 2
90 41 97
56 81 39
61 78 41
75 45 29
49 37 12
92 32 90
66 46 10
68 93 98
42 86 31
77 44 83
31 87 77
28 43 58
19 4 89
13 79 34
42 81 71
55 25 55
97 92 53
7 12 46
58 54 33
41 83 29
24 15 16
1 43 12
12 63 16
1 28 48
35 70 81
7 77 58
14 75 2
68 34 14
14 44 21
99 85 4
81 10 19
97 63 15
9 75 30
78 76 58
78 64 28
11 23 58
69 37 33
72 5 19
38 72 64
59 71 49
64 52 11
83 2 75
50 63 2
80 93 31
38 71 95
19 82 18
77 4 7
62 28 13
81 66 37
97 78 60
99 42 13
62 77 67
37 28 30
40 8 24
23 99 47
18 18 82
88 95 86
95 57 66
60 90 32
97 40 10
10 91 4
23 53 34
42 43 62
24 35 22
0 58 21
48 76 39
82 64 86
68 11 43
34 24 86
18 73 78
81 83 69
85 58 22
19 0 65
33 25 0
8 77 58
29 25 86
21 7 2
7 27 14
3 13 38
41 84 63
19 65 47
88 2 5
62 74 58
28 7 35
28 15 12
39 97 90
25 70 49
28 77 77
94 32 42
84 73 78
47 44 43
94 32 98
52 95 72
62 75 31
97 55 99
61 94 48
51 72 18
1 52 95
30 46 80
24 30 53
3 77 98
46 24 82
96 28 77
68 90 4
0 39 60
51 0 54
99 4 78
17 5 30
64 87 76
44 11 58
98 14 88
48 13 64
30 9 92
60 30 34
64 82 73
76 33 25
83 84 29
61 1 34
92 65 73
20 62 85
79 12 51
67 60 16
31 42 78
75 54 8
9 71 42
34 47 27
59 82 11
41 44 64
27 88 81
1 8 43
38 39 55
89 58 67
6 41 62
36 16 68
96 77 91
38 63 91
65 23 73
28 16 17
92 43 57
25 44 18
69 82 57
76 24 68
96 82 9
58 18 78
78 14 7
70 4 71
61 21 46
86 49 62
56 93 5
13 18 2
31 87 84
41 16 8
9 12 90
70 22 8
0 52 74
8 22 78
31 35 99
77 74 0
91 30 93
48 95 12
50 79 51
35 20 19
95 81 31
38 3 5
46 4 58
73 64 32
3 95 20
3 24 94
3 15 76
49 15 71
61 66 50
64 53 22
84 48 55
67 38 59
25 37 15
83 10 79
67 13 26
87 68 50
33 72 17
61 73 32
85 86 50
35 50 3
10 86 4
17 6 42
76 31 79
43 14 41
22 33 55
0 73 75
50 58 47
19 20 72
52 5 58
54 92 9
58 54 47
14 72 53
8 0 84
40 44 50
81 18 84
88 19 9
64 21 67
63 41 39
36 45 44
94 99 89
55 9 43
3 23 15
8 84 68
45 24 12
95 5 30
31 94 1
40 58 23
60 73 64
99 9 9
96 4 60
85 11 70
80 66 45
48 75 29
16 20 53
28 67 11
10 99 5
12 91 15
35 3 88
51 55 50
12 51 6
72 88 17
94 68 84
92 16 11
21 84 83
27 12 50
38 75 1
95 87 45
62 74 48
2 25 55
52 37 6
58 61 46
28 8 67
12 0 35
75 21 20
58 0 84
60 90 59
62 37 98
59 99 72
7 54 49
15 6 38
73 17 52
20 45 60
87 9 60
22 36 33
94 46 34
79 6 24
90 20 62
89 79 13
13 39 67
63 54 26
1 27 95
5 47 92
65 86 53
25 61 41
59 55 87
93 86 93
69 77 14
83 66 93
49 79 32
68 94 86
46 48 14
41 53 13
85 19 0
90 44 13
31 3 68
18 48 55
12 70 32
78 53 50
71 2 81
56 71 76
94 17 24
8 11 77
74 96 48
26 87 93
39 70 48
59 89 97
66 53 67
50 31 72
0 54 75
82 10 98
58 5 67
34 65 78
63 91 27
12 17 66
5 8 36
53 68 25
2 34 30
21 85 61
46 37 68
21 71 78
71 81 35
38 15 1
17 79 92
44 91 62
10 48 70
98 53 90
76 8 77
6 29 14
20 27 51
88 48 75
66 71 56
54 10 72
55 79 3
99 23 46
13 85 94
36 35 99
26 11 7
55 18 89
69 90 16
73 78 17
48 96 88
4 50 98
28 57 77
31 9 52
29 22 89
23 58 25
23 37 36
30 92 6
71 14 96
88 39 26
5 39 23
45 95 25
44 24 83
73 7 92
26 37 66
67 12 25
92 87 14
81 70 58
39 41 72
36 81 63
14 86 2
37 84 98
63 28 74
98 53 33
90 31 22
56 99 87
33 43 74
47 24 44
58 64 38
30 52 19
46 66 58
48 56 42
98 71 22
24 69 75
58 11 7
32 19 6
19 53 49
94 52 26
90 10 90
28 93 94
48 91 60
6 39 16
0 90 87
22 14 56
97 24 19
56 57 39
14 28 44
16 22 48
42 65 11
84 93 4
78 93 95
38 51 86
7 51 28
94 73 95
3 23 19
22 79 28
13 94 57
57 62 31
58 4 96
69 88 42
25 18 35
20 56 87
58 63 90
39 10 16
34 65 39
53 39 70
34 53 16
43 62 78
74 20 34
23 89 74
17 14 92
52 86 1
91 97 16
82 36 26
50 70 43
89 75 83
11 9 36
28 52 50
58 79 71
93 54 12
67 71 79
60 75 65
13 67 14
29 1 2
8 51 72
51 92 0
34 3 61
22 83 66
73 42 45
96 87 51
60 54 22
39 66 97
57 79 16
71 61 69
74 69 72
98 20 16
98 55 72
12 29 55
78 2 49
75 50 36
26 11 43
0 50 61
49 7 41
18 31 2
87 57 23
12 55 43
80 6 50
52 18 80
60 48 34
61 23 85
50 1 96
93 1 98
6 50 58
99 68 89
53 8 46
76 72 53
20 52 11
70 57 81
2 69 29
37 30 4
74 80 5
22 25 6
20 32 57
78 83 25
19 37 85
17 13 57
71 33 10
82 56 19
16 10 88
45 47 18
50 21 51
55 95 28
14 16 12
71 46 96
48 66 33
86 35 46
43 6 32
5 41 40
24 57 50
12 54 50
83 56 23
86 64 19
66 78 87
31 1 33
27 49 51
12 35 87
10 31 45
94 36 38
34 13 95
37 77 2
87 60 58
10 98 74
81 65 52
68 96 53
2 75 55
5 39 42
92 49 73
38 96 62
76 82 75
24 19 52
78 58 65
88 21 63
63 2 80
15 71 28
21 25 3
76 30 42
70 23 44
96 13 92
58 41 74
85 17 46
89 95 4
54 84 25
70 99 28
2 14 51
31 87 76
86 15 58
81 86 33
25 82 46
69 92 40
43 77 9
89 18 5
94 73 41
71 95 40
51 49 6
2 80 46
30 67 61
89 0 99
22 77 81
21 46 73
13 89 2
22 31 21
79 77 46
20 48 93
12 0 42
71 54 75
69 37 94
30 26 94
30 0 71
63 73 17
89 86 58
43 9 89
64 88 66
62 61 15
7 25 67
50 48 73
77 17 10
71 48 88
65 30 89
88 93 14
5 34 1
63 78 62
5 94 50
71 57 63
38 64 89
5 66 37
79 95 55
41 66 55
30 83 37
71 71 30
85 28 65
86 44 95
48 1 89
51 72 46
66 63 63
55 68 81
45 99 77
52 41 95
59 23 79
96 94 2
78 79 83
95 66 79
90 66 80
80 69 4
78 88 67
93 43 88
75 40 87
52 44 80
99 3 3
78 99 97
33 78 77
68 73 95
47 64 13
79 96 35
83 74 23
51 68 18
39 43 11
78 47 55
59 46 59
14 77 10
64 62 88
41 30 14
88 29 30
53 8 26
40 91 0
63 94 20
34 33 15
45 64 14
0 23 13
11 89 90
22 53 4
62 46 34
76 34 63
6 40 71
84 80 14
37 96 9
57 30 94
25 75 58
39 27 33
52 39 23
94 13 76
98 27 75
84 4 61
47 62 1
70 47 34
37 36 30
98 93 60
92 18 87
51 10 66
36 62 57
59 9 70
88 59 98
63 44 54
76 43 68
78 14 67
12 3 3
94 1 49
6 93 67
45 96 29
11 85 44
69 96 53
91 84 12
41 99 56
95 28 0
16 6 66
83 70 21
39 16 22
88 22 67
7 67 16
37 78 1
81 99 97
34 91 34
98 32 85
55 80 13
7 96 71
25 79 41
46 18 9
68 58 31
87 66 50
3 3 29
4 84 28
54 70 71
88 68 4
25 75 84
39 82 80
10 59 11
4 5 82
13 25 40
45 13 6
95 68 61
76 25 97
57 79 67
28 19 88
84 44 63
20 83 98
52 46 57
16 50 15
98 63 40
90 60 5
49 8 74
10 84 51
8 93 82
27 74 1
15 58 97
79 31 33
29 83 79
86 99 81
53 49 44
94 40 57
51 41 65
77 51 1
28 11 95
62 91 69
63 6 79
13 37 10
46 66 46
77 5 45
58 10 47
54 4 87
11 8 80
76 85 83
78 66 95
25 28 38
46 44 44
25 9 34
88 55 52
86 84 9
31 94 20
78 48 76
17 60 84
97 88 22
81 18 40
28 43 20
66 89 64
62 67 73
96 7 80
1 93 16
10 76 10
30 7 59
7 76 71
91 26 11
65 7 30
5 87 25
26 5 67
42 19 34
68 68 93
0 69 86
17 79 14
27 10 21
86 69 50
57 12 76
69 78 35
51 35 22
76 61 79
43 56 98
29 24 66
74 24 87
12 41 67
27 69 29
0 7 98
50 17 10
26 38 88
61 89 24
35 17 37
66 13 45
17 94 21
83 69 98
23 81 39
90 60 60
19 61 20
17 63 37
27 90 27
68 3 68
44 91 85
33 57 50
79 74 45
0 10 66
98 33 47
90 75 60
2 94 21
74 63 36
11 42 78
90 10 82
58 6 25
96 40 34
46 19 61
43 71 71
9 22 56
9 12 83
69 66 29
42 41 92
78 4 86
57 95 97
91 5 55
68 1 95
2 0 66
63 43 38
86 53 60
94 14 24
77 83 90
6 77 31
50 55 88
37 64 83
86 7 88
41 27 42
37 30 42
3 45 85
93 32 90
53 26 4
77 56 39
20 62 16
51 13 24
91 50 40
74 36 0
15 77 27
57 66 9
99 70 55
36 63 39
27 69 17
83 98 73
23 18 88
91 22 53
67 13 55
60 40 91
60 55 20
39 64 39
49 15 61
56 51 76
47 30 45
64 66 44
90 41 62
30 32 36
83 52 50
38 12 90
81 72 97
53 63 13
92 64 28
53 20 31
30 67 14
27 84 80
71 26 21
86 56 5
22 91 57
24 29 69
66 62 93
15 15 57
28 60 21
8 65 94
92 95 13
6 23 49
86 46 75
59 84 83
64 59 74
22 83 55
91 2 69
37 69 85
46 98 97
67 58 62
13 50 10
27 56 33
28 94 31
4 53 16
39 18 27
66 92 62
21 83 64
91 72 34
28 18 84
25 38 42
39 3 45
49 30 53
34 11 48
66 67 53
34 6 71
13 72 63
75 46 99
92 89 23
26 69 42
62 46 32
56 85 35
1 35 18
55 69 29
55 87 96
8 73 54
32 86 79
47 62 25
46 54 66
22 32 35
16 46 81
48 2 66
83 56 53
53 11 23
82 18 62
30 26 36
85 58 22
64 6 36
41 4 42
7 78 74
42 94 72
75 42 75
41 78 31
95 31 94
70 66 12
32 96 90
20 33 49
95 49 7
31 90 63
26 97 42
52 91 36
25 66 31
0 60 9
83 7 40
29 29 58
93 61 55
83 34 88
84 29 38
43 12 80
7 38 30
1 91 73
89 16 92
20 68 52
81 3 11
74 32 40
32 25 53
87 8 87
28 45 68
18 88 81
50 47 71
80 48 62
54 90 30
46 10 98
50 44 1
13 18 33
53 50 10
58 90 71
98 18 16
66 88 4
99 38 52
71 19 52
33 25 42
64 23 53
14 25 97
16 38 67
1 43 17
64 1 7
35 51 77
51 18 65
55 69 56
59 40 75
12 26 52
54 90 75
59 56 0
8 72 90
75 26 33
93 90 86
0 25 38
30 28 8
95 83 77
51 43 70
78 55 96
82 9 86
57 21 94
9 29 67
51 5 45
84 98 87
23 50 12
13 32 40
21 28 75
50 31 70
20 62 25
16 44 87
54 54 60
49 15 89
68 67 94
13 51 44
0 26 47
64 39 79
56 12 7
83 63 91
54 83 5
31 52 49
70 6 3
30 7 19
20 75 86
66 40 89
11 92 68
58 8 7
37 16 20
97 0 83
40 54 18
45 85 22
94 56 81
50 38 88
21 58 16
59 25 8
0 88 53
68 46 61
76 35 78
96 32 78
31 24 84
1 69 69
24 16 77
5 66 68
45 39 78
61 98 3
22 98 43
75 67 89
88 95 77
18 43 61
96 74 86
32 27 55
54 3 23
31 8 89
51 6 80
30 19 78
85 41 29
29 68 96
70 57 43
47 75 86
9 24 12
47 56 39
54 10 43
78 94 3
19 45 9
0 27 29
30 13 22
59 42 91
7 64 0
50 64 27
36 73 51
0 72 60
92 26 22
87 56 68
90 76 66
52 28 93
33 58 6
7 18 0
50 77 17
50 28 81
78 16 6
81 17 78
93 9 56
16 48 13
36 38 41
2 42 69
96 27 27
54 35 97
7 85 75
24 88 55
57 66 71
63 99 40
93 45 1
49 13 49
62 49 40
55 52 82
24 0 62
4 6 97
53 65 34
80 41 22
35 98 40
59 61 40
99 54 85
1 56 98
2 70 99
42 26 51
25 50 3
87 6 10
36 60 27
70 40 69
93 28 67
85 87 81
25 86 87
62 39 43
12 42 14
64 84 40
67 61 42
71 0 49
33 88 61
60 59 1
29 4 81
97 89 68
30 67 55
17 81 46
61 46 88
27 10 25
19 77 38
61 0 39
62 33 27
23 94 38
77 75 94
58 24 84
27 54 3
34 24 84
32 37 82
73 64 92
98 83 22
36 96 22
27 11 56
7 86 2
97 63 29
92 74 54
28 53 60
31 39 84
67 71 21
50 44 37
94 94 72
16 83 21
39 10 32
47 69 18
1 67 34
30 59 60
36 87 65
97 70 4
33 37 27
7 87 24
96 82 18
69 50 1
42 89 64
74 88 33
44 89 0
30 20 11
90 8 50
55 5 20
11 91 58
39 50 97
15 46 31
33 67 82
87 9 23
3 35 12
36 32 53
89 62 25
52 53 34
3 60 91
23 72 82
33 63 32
31 78 31
62 63 98
44 2 60
20 5 47
84 94 79
37 35 42
63 87 47
97 42 7
88 66 31
23 99 46
7 82 76
38 45 40
89 41 94
1 13 0
48 97 46
28 35 81
22 50 20
69 99 63
28 39 81
12 62 32
58 70 15
35 60 60
27 1 53
21 2 67
73 3 64
19 83 51
52 5 53
73 26 52
88 54 92
69 66 6
1 77 28
68 12 41
80 91 42
34 64 97
1 38 0
17 9 35
21 14 40
74 39 18
79 27 72
23 48 91
29 1 68
10 70 32
51 50 23
45 84 87
94 37 77
94 7 87
81 28 53
73 2 92
91 81 19
16 4 19
7 86 20
27 48 90
59 99 41
34 96 77
21 91 67
99 37 74
38 19 2
91 92 56
83 36 90
54 52 94
73 11 32
93 38 80
36 49 31
29 83 28
58 4 19
25 55 8
99 93 27
53 36 72
10 71 8
0 77 60
46 50 71
31 96 9
11 84 58
95 13 93
23 23 97
94 49 53
2 0 98
82 54 35
54 16 58
62 16 36
74 14 86
45 45 34
6 9 18
16 4 83
9 79 7
58 25 8
11 79 8
62 61 14
97 67 30
7 29 98
43 3 65
82 0 10
16 6 71
87 74 27
22 83 6
81 42 83
89 5 63
50 67 76
64 16 44
47 24 25
97 67 29
62 49 81
25 18 40
48 57 14
76 79 50
82 61 44
18 2 1
81 52 69
57 17 37
53 16 13
79 13 81
60 28 82
41 5 52
81 53 9
48 29 41
50 64 2
94 82 4
47 15 9
16 24 26
6 78 42
19 57 7
52 17 35
87 10 92
39 44 46
1 92 75
42 94 39
96 40 73
52 87 88
61 56 13
39 62 91
33 33 0
41 86 69
28 73 79
21 64 75
67 65 67
94 59 13
34 55 53
7 60 41
48 21 97
61 61 11
4 46 44
56 87 30
77 68 55
56 41 72
32 60 89
51 54 49
17 40 56
70 0 68
11 48 42
60 61 3
71 17 49
16 25 89
98 2 9
6 58 50
78 42 62
19 46 16
20 63 9
29 85 9
97 49 57
39 9 70
94 81 39
96 49 64
37 47 66
46 5 76
48 35 71
10 55 17
78 75 32
87 56 69
96 54 18
5 45 28
27 40 61
66 88 10
30 25 9
96 23 15
73 71 50
44 33 57
13 63 85
97 51 41
66 99 47
85 5 93
65 84 85
26 51 73
88 81 50
49 30 73
64 55 96
67 51 81
24 16 44
61 13 95
3 31 95
50 68 52
95 33 36
80 11 39
5 51 21
7 1 3
80 65 58
28 84 61
61 61 77
6 22 42
53 77 73
0 80 94
4 75 27
41 8 91
32 13 42
5 21 43
8 53 61
18 34 97
79 95 58
56 53 33
50 7 10
24 59 90
70 64 66
97 57 26
40 89 91
35 95 64
30 3 70
91 74 4
41 53 51
51 62 5
84 12 12
47 88 23
37 58 87
55 8 44
33 48 34
25 83 81
89 66 84
59 57 58
15 50 64
67 2 26
72 38 90
36 85 79
59 75 89
47 82 97
43 16 98
29 41 33
10 30 99
47 42 9
57 57 59
21 24 13
99 48 52
90 84 89
21 96 64
10 95 47
60 38 63
58 68 56
43 78 38
43 25 80
52 35 38
63 56 14
29 8 63
81 98 99
22 71 95
87 81 90
86 93 81
1 3 49
57 47 79
47 42 57
28 94 92
18 9 48
32 38 56
47 71 6
47 94 77
94 33 11
37 19 56
18 72 60
67 29 7
46 76 49
3 56 95
95 74 56
96 59 47
4 58 18
63 5 64
40 52 97
3 89 68
60 7 40
20 74 69
79 72 98
80 28 54
27 75 81
83 71 92
30 28 50
1 91 8
65 83 60
63 87 1
31 99 8
72 71 34
93 2 58
43 82 86
50 9 62
31 44 85
75 75 65
25 28 56
85 93 92
97 8 31
98 40 30
58 64 53
92 57 55
51 1 37
89 51 98
3 34 94
41 9 69
6 86 49
15 72 43
7 21 51
38 20 43
20 78 7
73 23 17
28 26 70
17 15 73
15 19 7
9 12 68
31 18 6
80 33 30
75 92 52
79 82 72
22 2 2
30 75 25
99 55 51
69 72 19
42 39 90
1 1 2
21 32 20
27 64 6
10 92 50
62 71 33
86 93 35
88 75 63
14 74 18
17 95 43
36 89 82
26 42 83
28 63 67
1 43 32
7 53 76
57 67 47
42 53 92
30 41 68
93 7 94
63 25 90
6 13 31
89 40 74
24 20 89
92 21 84
76 80 89
52 90 56
99 32 9
43 62 3
11 7 10
58 71 35
48 29 1
31 70 41
5 95 13
95 87 35
79 63 67
69 67 9
77 18 42
87 61 56
90 25 16
0 83 39
88 31 68
41 62 39
82 20 86
47 67 73
34 98 88
2 67 7
11 97 25
5 84 38
14 26 63
82 78 46
21 18 29
89 59 44
80 93 64
18 41 31
43 75 29
83 29 49
90 93 46
67 50 82
6 16 8
21 98 86
68 19 57
49 61 16
93 93 10
9 12 3
40 55 30
22 39 60
23 81 5
21 49 7
3 7 24
63 28 22
1 48 94
58 98 55
27 91 0
37 1 64
92 93 20
22 67 11
34 90 44
39 63 45
99 66 52
23 81 33
97 83 33
91 93 31
98 20 75
99 9 28
63 1 21
35 76 41
98 10 83
43 2 47
88 1 65
93 24 47
78 21 82
11 13 27
95 63 48
70 62 57
50 78 11
23 13 87
64 12 97
0 7 51
47 47 52
64 92 28
11 70 2
45 34 67
73 81 30
73 3 93
82 53 71
93 76 36
32 93 0
82 93 7
33 92 55
86 56 99
66 20 70
68 65 56
35 90 37
66 63 40
11 46 45
34 39 73
70 24 66
23 6 59
30 39 51
37 77 60
37 44 80
59 12 97
67 0 88
56 66 51
96 77 97
93 63 89
66 33 65
33 56 71
44 39 10
48 28 40
8 17 36
40 28 0
37 95 0
25 51 18
77 99 95
26 92 58
67 59 44
32 44 52
55 40 43
66 88 24
58 48 41
94 88 70
94 26 17
95 51 69
65 80 20
61 59 65
71 78 76
67 11 20
72 66 60
15 84 1
39 94 49
33 88 90
55 35 16
72 82 19
93 47 0
14 60 11
31 32 89
7 51 52
79 75 71
91 91 55
92 82 50
94 67 90
84 22 25
52 95 7
71 40 55
23 6 15
34 37 99
24 44 3
28 23 78
99 67 21
55 59 56
57 5 23
99 41 46
25 93 93
84 17 33
91 92 92
7 79 29
58 55 26
61 83 1
92 83 68
13 90 80
69 47 85
45 98 27
91 75 72
36 60 41
21 51 34
13 10 13
95 21 68
21 34 3
74 26 86
43 92 76
75 13 75
60 58 74
39 1 1
64 89 61
5 11 65
91 24 27
56 19 0
76 92 35
80 67 13
66 10 57
95 85 71
70 97 81
96 89 35
98 53 24
11 58 35
28 2 12
56 58 31
56 35 76
43 67 43
57 85 5
66 80 42
89 51 39
23 99 28
58 49 33
34 61 44
22 89 46
86 97 56
69 54 43
45 49 10
88 58 96
93 25 76
35 14 79
27 89 31
7 47 80
41 34 41
85 56 83
83 94 80
39 63 86
83 9 36
45 97 46
93 43 71
22 78 38
53 57 27
84 65 27
65 58 13
58 43 21
93 78 15
74 17 78
60 52 87
48 50 85
95 43 28
18 65 58
8 19 16
88 55 33
67 20 91
80 31 86
1 24 16
16 50 85
94 11 38
82 11 40
19 58 83
99 29 1
57 37 20
25 77 75
10 44 48
53 24 31
91 25 7
7 93 58
93 88 21
83 22 32
23 41 43
58 92 72
59 49 61
31 27 91
59 37 35
59 43 12
90 34 89
97 94 83
7 87 71
28 22 45
13 45 86
56 55 78
80 15 79
93 46 58
84 57 48
72 16 91
84 6 77
73 56 71
56 63 10
79 92 32
24 57 29
62 65 85
92 45 52
24 90 50
82 27 8
30 99 24
73 35 83
51 8 39
74 17 54
85 48 98
69 25 55
99 87 72
36 32 17
88 56 60
38 38 87
98 21 38
23 46 73
58 49 33
49 24 2
3 61 51
54 30 76
9 29 15
82 65 47
51 5 3
63 96 94
50 94 67
88 17 13
13 27 63
47 76 39
49 80 0
52 34 30
28 95 60
44 29 77
91 33 35
47 96 31
41 99 25
8 87 95
73 1 22
36 0 99
75 49 31
75 2 65
6 82 12
18 26 94
47 70 27
82 17 75
13 10 74
91 70 62
86 43 15
8 80 15
59 7 16
90 83 18
7 41 1
72 11 79
66 10 1
45 45 70
20 58 80
95 1 50
9 87 94
24 48 26
91 7 33
7 50 68
78 57 61
31 29 24
62 47 35
64 92 80
34 13 90
67 8 44
69 17 31
63 93 79
41 36 39
27 95 89
47 73 98
61 56 80
85 19 27
72 35 20
4 69 33
47 36 93
91 58 62
74 73 55
6 15 43
45 94 38
86 41 64
36 54 20
16 92 91
44 64 26
64 21 96
97 20 84
90 11 42
52 37 16
59 43 83
54 40 77
92 78 70
56 15 25
29 31 17
20 75 33
47 91 6
95 88 26
31 30 89
26 34 27
94 45 22
77 99 63
6 44 41
28 52 8
5 81 40
74 54 67
60 53 59
66 0 99
45 31 82
34 9 16
13 3 14
88 32 13
51 90 57
44 71 10
53 76 43
45 51 97
12 63 2
23 29 2
23 26 34
57 13 95
25 78 99
39 66 83
5 17 26
62 14 97
24 19 73
20 64 76
17 28 39
20 52 21
74 27 47
8 84 12
56 61 91
55 1 57
90 6 27
16 20 41
13 97 12
39 17 76
15 86 56
7 58 60
80 33 39
79 93 75
92 49 37
83 56 38
40 47 96
67 15 16
60 29 13
72 20 30
0 87 17
9 94 75
69 26 60
9 6 54
36 98 3
73 81 60
11 73 59
7 41 74
76 53 55
89 26 75
72 78 15
89 87 9
16 9 88
29 18 94
83 6 44
38 80 77
98 43 50
9 3 43
84 79 97
91 20 75
19 92 5
34 33 93
95 2 2
83 31 72
29 14 78
73 52 58
50 3 54
1 64 57
96 48 36
93 92 8
20 11 1
26 45 34
71 92 88
73 76 19
97 5 85
75 31 90
86 81 45
40 34 9
49 31 10
37 76 2
45 97 13
98 75 10
85 46 2
73 71 30
93 68 88
30 95 19
20 33 0
65 25 87
27 74 18
37 63 94
39 9 43
4 7 70
66 44 16
20 18 39
51 63 7
91 93 55
10 66 88
62 83 14
1 10 40
19 47 4
66 38 65
61 42 24
32 60 69
0 81 87
40 84 50
99 75 95
54 37 61
95 99 45
9 1 7
1 72 7
5 90 45
70 52 40
47 36 0
16 36 81
3 28 65
5 80 40
0 86 77
14 81 29
11 42 82
18 44 6
25 49 97
23 72 49
63 19 37
63 87 25
45 90 54
62 47 86
3 47 72
32 61 54
61 24 96
95 43 40
2 20 42
99 43 66
0 6 37
37 22 24
62 67 66
68 29 13
54 84 12
27 17 26
33 30 50
29 78 93
22 80 66
64 31 9
82 31 68
19 20 90
95 82 9
61 3 38
74 9 75
38 36 92
64 69 74
15 51 52
60 73 84
26 89 15
88 71 46
8 42 18
98 37 53
7 50 56
97 76 65
24 14 54
68 79 75
43 94 26
47 6 51
32 85 40
47 73 63
46 81 5
64 31 42
69 90 44
25 39 20
43 64 35
97 84 14
72 79 60
51 27 66
2 59 3
43 58 76
58 56 9
64 73 92
58 42 34
3 20 74
23 63 90
58 60 26
24 84 6
36 35 33
55 38 44
58 33 54
87 91 63
48 7 36
41 18 78
27 21 50
53 96 13
95 7 73
22 83 58
28 20 45
13 75 83
9 33 68
63 72 60
26 21 19
14 14 37
45 41 58
95 95 7
9 90 14
34 12 97
92 92 69
38 5 44
73 14 30
42 30 2
54 56 75
73 71 89
63 68 31
73 63 26
80 72 68
46 7 81
96 51 73
65 41 31
62 15 45
92 9 75
46 15 84
22 40 7
11 3 75
94 77 38
72 9 63
41 56 70
74 52 73
99 17 15
30 31 82
28 23 43
55 22 58
91 44 50
98 7 54
25 2 83
64 74 92
79 67 48
1 41 52
74 41 22
41 23 53
75 3 29
18 59 51
28 50 95
79 1 54
85 26 8
68 42 35
12 21 2
61 22 96
65 49 37
87 90 12
41 18 16
70 36 75
21 17 77
68 48 78
74 33 57
83 53 99
18 65 73
20 78 95
16 44 96
5 83 39
70 24 57
86 46 45
13 19 62
42 39 62
21 14 47
30 49 0
29 67 18
2 39 48
50 8 92
98 13 28
37 35 52
94 21 51
40 86 22
54 29 62
17 2 28
64 32 77
17 13 96
87 68 35
35 70 43
80 68 9
8 6 96
12 52 18
63 92 56
38 99 37
0 16 91
80 32 75
57 1 89
5 88 9
40 76 79
36 56 47
97 16 5
93 28 58
63 44 2
20 82 1
9 34 69
1 14 2
76 23 55
17 28 96
26 20 72
57 56 80
57 53 48
62 47 28
72 10 72
75 82 6
76 92 92
98 45 6
52 21 81
7 91 61
3 69 82
27 27 38
59 84 44
7 98 43
88 71 5
12 46 88
19 74 32
11 72 77
70 24 50
3 84 41
65 39 11
47 19 90
37 78 74
33 38 72
76 26 95
82 38 41
22 9 68
54 73 92
83 95 17
85 98 53
27 15 92
90 14 11
32 52 42
6 85 80
30 14 58
78 96 48
71 18 10
39 24 83
32 59 30
1 44 80
6 23 96
98 65 62
62 97 66
4 55 4
36 38 18
46 16 66
94 87 84
4 79 60
39 63 19
69 16 63
2 22 39
50 72 4
12 34 2
79 38 57
83 26 95
1 72 63
67 19 51
3 23 82
15 15 45
34 36 61
49 38 83
40 40 55
45 53 42
47 32 32
56 67 59
4 20 31
67 39 50
70 42 26
52 9 93
49 95 29
10 96 20
45 37 60
53 82 65
95 81 49
27 37 16
86 93 88
70 61 27
72 83 21
50 88 30
43 37 25
25 48 22
97 45 59
9 98 41
75 93 74
24 73 11
93 11 5
81 81 18
9 6 53
30 56 41
13 0 79
38 77 79
12 74 24
71 83 75
64 10 68
38 35 93
2 80 5
59 61 38
29 22 44
82 53 1
76 18 53
55 56 82
86 69 56
10 92 91
85 9 2
6 99 89
51 53 69
56 64 82
47 93 5
91 28 10
44 4 28
49 11 36
31 49 57
39 11 2
31 49 63
85 55 62
74 58 68
95 15 32
29 62 26
86 5 6
48 50 62
28 99 25
65 83 74
74 22 85
76 53 34
39 38 41
54 64 0
22 11 67
54 41 81
32 79 86
38 28 88
52 56 40
29 73 23
3 48 45
41 76 51
27 16 41
21 22 58
21 44 69
40 50 62
21 83 94
59 73 22
0 26 78
40 55 52
15 11 52
12 4 28
15 31 96
57 52 18
67 25 62
88 17 13
51 38 48
97 50 21
19 50 99
49 42 7
1 9 70
53 73 74
34 89 57
30 98 62
49 65 87
63 53 5
28 56 95
76 53 97
50 72 99
49 22 41
8 75 2
30 81 76
4 15 65
14 45 63
76 46 80
63 10 33
20 38 90
68 67 43
65 17 68
65 18 90
58 79 17
61 9 50
89 66 65
6 80 63
21 56 61
1 71 71
34 44 62
76 12 29
20 77 98
40 42 16
82 53 95
99 66 5
50 55 71
67 61 3
82 34 59
44 35 82
67 69 26
29 46 38
10 18 16
8 58 10
77 40 15
72 91 81
29 93 88
52 61 49
55 43 83
66 39 70
49 7 40
75 88 38
14 51 8
82 59 18
92 88 58
8 13 1
41 94 95
30 47 56
31 54 51
67 21 43
37 22 50
29 97 90
19 63 41
27 45 53
45 90 41
55 50 54
57 91 49
4 21 48
60 53 2
63 20 75
6 9 97
8 39 47
99 58 10
40 86 56
93 83 46
87 39 96
93 48 39
94 52 61
42 64 66
97 79 38
72 86 47
22 46 38
69 45 97
79 38 35
87 83 70
85 70 61
81 64 9
73 58 61
34 53 77
52 50 57
42 74 43
89 48 41
80 69 87
29 1 25
16 88 8
86 74 31
48 7 95
57 80 5
71 66 10
48 70 12
57 12 87
52 54 87
94 34 57
81 63 58
58 31 98
66 17 72
97 17 32
44 75 12
2 98 31
12 98 1
25 56 14
64 8 68
3 2 54
60 35 69
70 93 0
21 60 17
45 9 35
77 6 62
42 60 12
73 72 10
26 49 18
40 65 27
60 69 81
14 81 17
83 4 10
83 25 22
53 70 84
40 0 42
54 42 2
66 67 26
28 93 28
47 86 93
26 98 14
7 13 48
76 48 4
39 84 81
61 89 3
97 29 3
39 83 97
41 49 16
68 29 62
48 76 48
41 54 98
8 14 63
8 90 12
12 29 48
93 43 37
96 40 66
52 80 1
49 73 2
66 93 31
28 41 60
28 35 14
26 43 28
90 51 19
54 15 0
2 8 43
39 4 36
57 8 16
58 58 41
60 76 35
43 56 28
3 84 63
18 62 58
98 4 9
69 58 76
70 12 84
65 3 41
1 12 49
69 70 59
11 82 35
98 78 91
26 81 27
42 51 42
0 50 46
62 19 57
38 89 21
23 7 25
16 8 37
65 30 60
77 93 94
12 43 72
56 69 54
35 63 5
77 64 7
76 78 27
33 16 16
54 91 23
31 7 84
69 25 66
81 54 59
75 66 2
48 74 23
54 62 87
11 39 3
19 67 81
46 52 97
14 59 41
90 90 0
26 11 25
92 92 79
51 20 98
5 20 24
28 74 86
67 37 78
70 8 45
3 6 50
1 73 9
94 63 99
94 41 11
72 33 55
3 36 75
1 41 95
78 21 21
16 89 11
46 11 71
92 15 78
42 68 51
51 62 66
2 56 7
65 28 40
21 32 76
48 85 69
96 63 90
17 32 31
80 78 43
52 22 58
30 16 26
33 19 40
99 22 96
6 87 25
98 60 9
26 9 94
95 5 10
37 74 94
69 55 72
12 59 95
22 41 11
0 74 31
40 73 5
88 31 92
13 29 5
74 55 14
21 2 71
31 39 97
25 8 4
49 72 63
44 46 4
8 46 78
91 38 3
96 27 34
40 92 15
45 67 22
11 88 76
34 71 16
32 48 76
36 49 1
52 46 47
56 54 46
87 97 84
90 93 63
77 85 56
44 83 75
67 94 15
43 81 86
11 65 86
40 53 35
41 5 81
40 14 87
38 1 84
75 43 29
38 72 15
46 17 98
21 36 44
36 31 77
74 95 42
60 35 96
48 28 1
81 68 15
69 59 68
5 34 64
35 24 36
50 71 5
0 92 41
96 81 25
74 55 20
68 68 55
64 68 35
18 49 3
85 18 14
6 24 48
70 11 73
6 13 96
64 13 88
57 61 21
82 87 77
2 56 97
9 72 65
44 42 14
0 28 85
14 86 61
15 56 72
40 14 85
36 78 50
24 36 11
98 70 51
75 25 7
24 86 31
89 31 74
55 83 54
40 49 40
1 64 48
25 56 14
10 92 45
60 69 33
24 67 3
75 94 28
34 18 15
17 59 98
91 14 33
97 7 82
89 60 99
89 86 55
4 96 48
49 9 69
34 85 36
37 60 30
18 46 48
85 63 59
35 7 73
68 56 32
2 46 93
1 87 31
9 91 79
9 92 88
78 26 25
14 16 85
96 34 83
44 19 99
55 54 6
28 74 62
13 76 60
6 30 48
37 39 91
16 0 36
57 30 62
82 44 78
20 92 64
55 88 35
54 43 41
12 71 15
27 84 44
87 42 74
87 31 65
31 0 17
67 9 47
81 43 91
60 15 83
76 71 71
12 25 66
53 90 37
21 17 74
65 56 68
91 96 52
56 27 52
73 94 61
20 75 56
63 87 72
98 16 43
21 28 20
87 33 10
76 54 27
2 71 36
23 62 32
75 70 59
27 95 5
40 15 32
96 30 72
68 80 88
63 1 16
84 40 1
46 17 8
74 71 79
10 94 94
42 69 16
53 48 12
58 88 79
90 37 10
62 5 90
2 21 44
18 5 84
72 51 53
80 77 25
11 39 71
57 33 41
74 86 89
86 96 30
65 39 67
27 53 24
18 56 45
14 26 2
98 98 54
4 78 83
81 42 23
52 99 56
45 73 95
87 59 91
17 77 82
36 4 36
12 74 92
10 88 70
12 39 69
18 43 99
2 24 41
77 28 93
85 74 66
32 61 78
76 30 7
58 66 11
94 30 86
38 40 26
61 5 65
30 23 8
81 77 84
75 6 13
68 92 39
86 76 0
64 52 82
71 11 0
35 57 30
73 48 23
99 9 28
65 91 3
25 72 81
10 99 39
75 67 83
14 54 60
66 70 12
48 94 75
48 29 33
78 2 33
1 53 42
81 18 85
85 96 9
18 58 9
57 33 76
41 99 82
53 65 5
65 65 99
93 13 28
26 43 82
11 97 35
53 78 6
90 63 2
99 33 60
8 43 45
37 36 44
71 89 61
76 6 26
75 99 39
55 77 82
89 88 31
25 93 10
83 83 25
85 35 59
97 43 54
42 32 90
38 4 79
99 80 85
77 8 37
16 63 14
50 53 55
82 30 48
44 13 84
69 50 19
80 47 14
34 41 47
24 31 51
55 30 83
93 7 91
30 75 7
96 77 60
51 11 42
52 55 7
36 25 57
55 57 56
69 92 49
68 68 80
19 24 62
55 69 21
46 99 96
53 47 25
65 51 37
59 3 92
66 39 69
75 46 27
31 67 71
80 36 91
60 7 67
74 62 36
95 61 87
91 66 35
17 32 86
54 43 41
98 10 80
68 85 78
47 69 97
18 49 85
61 62 93
29 36 7
65 32 20
5 75 87
40 44 71
78 98 14
19 49 76
51 17 62
81 64 31
78 34 32
16 95 46
61 24 83
68 42 67
41 47 94
28 39 39
99 69 89
65 40 38
42 43 55
56 24 71
87 54 5
71 70 53
18 31 29
53 52 71
72 93 70
66 73 61
5 24 30
95 89 70
33 83 65
41 39 89
12 78 96
70 50 18
75 20 2
4 73 6
28 97 51
50 63 24
12 21 0
94 16 89
65 1 73
30 42 64
72 7 43
20 29 45
90 56 65
92 12 90
50 92 87
1 43 2
77 7 23
77 1 39
19 18 93
44 49 87
8 73 46
51 45 27
96 35 83
13 28 96
3 30 88
42 32 83
45 9 90
68 39 92
60 58 10
5 2 11
92 10 36
39 14 81
18 10 17
2 76 97
50 79 27
38 74 11
22 19 73
64 39 12
8 51 70
19 56 24
82 1 34
71 92 48
52 10 11
21 12 87
70 62 18
50 53 92
61 27 11
34 43 3
98 52 54
20 71 11
44 5 12
79 76 56
79 81 66
42 2 79
29 25 93
0 75 98
92 88 77
56 75 21
59 73 73
65 94 96
76 38 1
40 69 30
96 1 11
15 43 65
94 25 90
39 25 17
90 17 6
67 73 81
88 84 6
61 50 0
57 78 91
59 71 12
41 19 13
52 34 57
17 80 82
60 20 7
77 10 76
35 29 2
68 18 86
75 79 36
27 37 15
18 48 86
83 89 57
96 93 92
5 62 72
87 22 44
46 52 6
23 39 36
77 8 54
63 83 33
0 10 22
67 81 22
5 64 63
62 60 56
54 66 19
79 5 93
23 4 97
30 79 37
66 56 45
72 19 80
5 71 42
80 90 23
2 95 39
66 10 0
74 16 18
45 95 75
39 71 79
88 1 58
77 19 66
22 91 86
54 48 9
97 80 0
72 83 47
12 1 9
64 75 26
34 21 73
9 12 44
41 0 97
51 78 68
18 52 59
56 59 60
65 56 40
17 80 75
65 92 76
26 56 4
52 42 77
78 52 89
74 45 41
24 96 19
92 14 24
4 70 83
16 88 91
56 5 71
84 22 16
60 49 24
16 53 67
93 31 71
34 58 16
76 82 64
47 74 31
23 30 1
6 46 41
49 55 47
21 39 21
37 51 70
13 68 24
80 13 7
51 48 65
19 24 99
84 23 26
15 47 56
68 53 55
10 55 10
9 76 49
30 65 0
1 78 68
77 11 34
36 14 82
54 34 58
53 70 81
31 85 28
88 5 34
43 15 89
5 76 17
54 59 34
54 12 64
75 89 75
9 77 90
43 31 24
1 85 94
82 16 31
63 56 36
97 51 4
38 56 32
55 10 91
89 17 3
53 44 44
81 5 22
71 0 53
47 1 90
93 35 7
24 98 15
12 47 67
68 85 75
1 92 38
92 81 7
48 87 51
92 68 8
14 91 8
20 38 61
10 83 96
69 59 47
85 71 94
4 40 32
31 93 24
69 85 58
76 33 97
79 78 17
39 92 8
99 64 98
60 75 81
57 96 40
56 33 63
2 37 55
34 21 48
11 90 86
21 19 71
18 50 49
35 42 94
95 41 58
93 2 85
74 11 82
66 67 15
81 21 5
37 8 26
37 19 68
23 92 39
47 10 42
48 97 84
42 92 25
53 37 79
90 63 42
72 81 61
40 62 83
97 99 91
23 89 10
43 64 54
35 11 64
77 60 13
61 54 57
38 7 94
18 50 9
60 22 90
22 14 52
57 11 4
48 86 93
10 30 57
64 65 21
80 42 81
93 55 87
2 45 47
96 15 97
57 28 19
47 2 86
51 59 97
7 7 84
52 69 66
62 33 31
83 13 25
16 58 32
3 60 77
50 8 93
47 65 21
19 64 23
5 67 34
54 75 41
38 27 10
56 89 95
87 72 60
64 40 18
48 44 78
78 46 38
23 46 55
96 17 19
71 22 86
5 28 13
98 67 41
60 23 30
55 63 55
15 79 47
85 80 43
15 58 90
53 81 88
8 29 5
79 0 27
17 5 7
31 3 74
72 15 50
54 70 65
61 37 96
9 22 76
52 37 86
94 90 19
82 50 48
87 29 48
66 46 53
74 29 8
0 1 23
2 8 45
67 69 82
64 30 56
92 35 93
79 29 35
98 64 37
47 3 18
47 22 17
1 48 46
61 48 0
37 3 8
34 70 29
69 86 12
25 31 47
71 10 28
58 60 92
96 59 48
14 7 70
31 60 18
30 21 18
30 10 21
90 45 44
71 14 82
83 91 13
82 62 75
11 21 36
55 69 95
55 83 2
25 67 62
95 97 36
14 79 98
87 69 95
83 40 61
66 76 53
79 58 67
7 21 88
43 29 57
90 84 93
45 62 60
7 57 9
95 23 88
94 63 9
89 46 1
51 12 77
56 44 88
23 51 61
12 46 90
21 36 75
14 81 89
26 41 46
87 36 22
75 82 85
36 24 31
38 75 44
67 83 40
55 6 91
69 18 37
59 92 25
86 58 7
75 85 0
74 24 36
96 0 71
81 36 95
64 26 22
60 94 5
0 1 11
43 70 82
32 30 26
58 68 84
17 96 21
17 70 46
5 66 98
76 99 34
23 63 13
45 24 7
50 76 8
14 20 31
96 52 13
22 10 81
58 79 77
80 96 99
26 54 17
24 82 16
10 6 32
23 51 8
82 54 84
43 68 4
74 16 57
87 38 19
20 96 51
98 28 99
49 54 53
67 30 36
35 93 42
67 68 45
75 51 99
60 94 19
16 20 35
25 7 73
97 79 22
48 77 50
47 79 57
53 46 39
89 81 32
83 49 1
80 76 4
80 88 50
99 5 70
87 30 29
60 27 8
34 75 38
37 75 17
46 28 63
85 69 44
70 4 45
23 84 22
27 16 10
77 68 67
99 55 98
28 67 77
36 2 5
74 91 80
91 89 60
6 26 29
3 96 33
48 19 69
22 98 86
85 27 54
52 26 61
2 54 28
80 43 82
85 17 73
17 61 62
77 19 89
58 22 37
43 23 9
12 97 7
50 82 87
56 87 13
17 41 20
46 73 63
28 10 32
54 27 45
68 4 65
57 14 39
47 57 62
56 70 60
15 72 94
2 29 33
68 46 75
88 44 48
3 73 59
87 79 38
33 47 95
50 57 9
89 4 67
4 60 89
16 75 61
62 30 90
96 98 89
23 86 33
23 41 58
34 28 89
73 13 37
68 63 94
77 5 98
96 61 58
85 77 85
99 91 15
89 87 13
30 62 51
64 86 92
74 20 73
64 93 86
1 13 2
47 43 59
45 39 20
55 77 49
92 76 40
8 17 80
73 48 42
25 64 80
69 38 1
94 54 46
81 7 60
35 54 55
94 51 94
14 58 71
15 51 99
7 59 17
87 84 65
82 61 81
62 83 19
63 77 26
62 10 33
74 45 88
29 39 91
23 5 50
47 20 1
98 28 12
15 67 96
32 49 10
13 12 93
85 27 70
11 89 81
44 15 26
84 44 18
76 68 23
26 67 44
79 65 24
91 33 91
39 65 93
49 31 57
42 16 84
65 27 26
98 23 41
24 8 86
94 84 6
18 62 25
14 41 42
90 32 75
81 71 93
74 73 24
83 15 40
68 32 19
46 30 42
39 7 2
77 1 86
83 71 48
60 85 89
3 75 73
78 9 97
71 35 70
47 19 37
87 39 70
58 85 0
53 76 7
55 54 9
42 89 32
42 50 18
84 53 45
57 83 54
6 7 90
76 54 61
14 94 0
36 52 85
36 57 61
96 13 67
57 7 57
89 49 7
7 85 12
5 43 47
59 1 6
1 78 61
62 44 7
62 32 11
99 68 69
13 16 82
80 73 89
37 63 90
96 22 76
60 27 71
60 39 72
66 40 2
79 3 46
86 17 78
98 69 99
67 82 15
1 62 41
90 52 56
80 0 78
8 13 58
79 73 97
52 91 89
54 71 44
53 57 62
83 55 31
34 74 65
2 75 79
43 17 83
99 50 84
29 58 49
87 38 22
36 42 13
26 96 84
70 1 94
84 37 49
67 71 24
32 73 51
64 68 69
47 67 19
83 97 77
32 36 15
6 73 57
72 51 6
8 21 59
2 58 96
4 25 20
80 10 45
31 74 14
0 73 33
71 57 82
49 41 71
16 0 44
26 72 95
84 32 68
43 87 26
92 91 4
64 23 66
61 54 92
75 7 65
61 78 74
95 79 68
66 96 68
10 22 92
57 6 76
78 1 63
56 45 6
12 9 29
78 71 36
22 98 43
88 11 73
14 7 53
34 25 49
54 88 23
46 45 81
75 75 34
38 32 80
45 44 41
26 75 64
62 97 15
57 85 26
31 52 85
84 38 11
85 93 99
60 91 96
41 66 72
75 5 4
7 2 0
49 28 75
13 43 73
28 0 10
7 31 62
92 67 53
55 4 46
54 64 37
51 5 56
75 33 61
79 40 15
79 41 95
55 7 38
80 35 91
90 94 74
5 39 42
58 94 98
4 1 63
93 52 20
49 79 5
62 58 98
29 89 39
25 96 46
15 76 34
6 67 28
81 24 67
75 82 14
25 38 15
40 31 19
61 33 98
18 95 8
16 25 49
8 2 46
54 17 74
40 76 93
21 9 17
40 84 99
54 61 37
69 2 21
40 15 54
38 33 1
98 2 78
48 10 80
94 16 50
20 57 78
14 78 87
31 18 23
83 25 84
20 46 86
93 87 1
47 77 35
49 76 37
27 24 99
60 70 15
62 90 72
40 56 2
27 88 73
50 23 98
34 95 44
21 89 83
74 88 61
9 37 37
98 17 13
49 29 83
65 91 73
89 31 82
92 10 70
65 60 45
15 46 40
59 19 81
43 94 70
4 55 59
93 6 76
6 55 57
89 72 48
14 62 31
96 54 41
18 71 53
15 86 52
56 97 71
37 40 17
7 96 73
67 41 31
95 47 86
53 88 59
53 55 21
37 3 27
30 74 50
36 89 36
88 97 85
11 35 26
29 94 74
54 13 68
85 61 15
71 66 56
82 71 63
55 8 66
34 91 92
84 27 82
72 67 79
58 78 66
36 59 13
62 13 78
30 98 39
98 22 57
54 4 29
17 12 89
35 46 32
28 83 11
62 55 78
41 65 9
60 1 68
73 64 82
3 46 32
43 44 54
52 98 11
81 67 75
23 55 21
55 83 56
67 97 12
97 38 29
6 50 31
27 75 47
61 79 93
93 74 38
48 26 88
11 60 8
86 35 63
59 90 98
16 9 95
80 59 85
9 17 36
92 44 63
39 5 42
33 51 16
23 51 95
63 62 7
71 48 42
86 59 84
84 75 94
31 55 53
69 17 22
57 9 67
20 49 24
63 34 27
31 9 78
78 72 40
85 96 40
27 82 0
12 19 27
58 2 35
63 71 52
85 28 61
4 49 62
81 64 48
8 95 57
87 74 30
79 59 78
72 39 60
24 3 79
51 61 82
86 24 5
38 61 34
52 66 35
14 47 99
63 7 94
72 94 20
54 26 32
32 98 71
93 74 26
24 25 87
58 64 63
64 54 24
50 6 42
85 21 89
84 36 49
30 8 43
51 63 21
35 47 71
58 40 45
84 17 23
71 75 87
34 91 41
10 41 0
53 26 73
94 10 9
43 93 69
39 44 84
60 31 32
84 89 24
81 73 93
4 96 69
43 82 12
85 92 54
85 97 32
10 92 95
19 87 88
40 26 84
25 39 15
9 23 4
85 4 29
79 61 25
48 4 7
12 41 99
66 78 97
99 88 41
94 59 28
82 0 55
66 77 46
33 38 21
37 23 77
66 2 38
91 2 95
50 15 88
49 33 67
98 32 7
91 78 67
20 12 19
27 30 48
73 63 86
46 0 9
23 18 64
14 61 66
9 11 33
97 13 67
16 63 51
24 55 30
43 75 94
62 2 25
10 27 88
96 73 41
57 48 11
21 62 73
40 71 36
73 21 49
92 37 13
44 61 68
26 56 95
20 18 49
45 80 76
86 76 1
27 86 49
38 7 64
63 47 35
0 73 8
1 65 46
66 9 59
86 35 16
81 56 86
30 53 67
58 39 43
11 18 29
13 9 89
77 72 36
64 24 61
73 78 27
71 44 36
30 83 24
98 64 80
85 47 85
52 57 25
47 21 43
29 34 4
18 63 77
6 27 53
68 52 83
47 23 80
83 6 63
7 4 79
39 41 78
25 45 88
2 45 9
97 74 95
2 44 58
31 2 85
36 22 38
20 69 13
52 5 19
15 64 76
94 4 17
25 81 63
13 35 8
74 84 34
69 86 30
27 69 32
64 58 7
54 30 28
68 82 33
39 97 98
15 43 54
33 68 87
48 33 22
8 7 6
94 76 45
24 55 66
8 72 24
15 26 54
44 46 36
29 86 85
27 1 29
33 86 49
20 86 35
42 94 42
1 88 71
98 64 26
64 73 98
41 40 77
95 36 23
84 66 61
21 45 15
50 79 1
52 99 40
87 94 34
81 95 75
52 93 91
31 9 64
29 50 57
58 98 93
34 34 11
95 55 57
62 58 88
16 10 87
56 49 33
42 30 28
17 35 73
61 66 83
25 47 33
34 6 83
28 40 17
91 87 25
0 50 83
88 66 45
28 74 94
61 16 76
42 86 11
15 47 29
50 72 77
36 59 35
19 87 27
89 30 14
14 31 16
97 19 34
42 99 8
88 61 25
16 55 11
80 70 58
61 21 82
38 57 41
73 28 80
0 17 11
67 31 42
35 80 13
70 74 13
30 62 26
7 31 81
18 63 3
28 24 24
63 15 33
56 88 62
37 41 79
0 60 63
94 95 43
7 17 18
72 0 32
50 7 15
31 78 78
87 6 3
11 21 18
97 78 58
59 67 51
90 67 11
5 13 59
49 72 28
19 45 28
51 95 36
67 79 14
97 66 72
52 29 46
22 78 24
33 89 43
84 80 10
48 37 75
7 38 47
87 57 92
16 61 40
4 80 71
70 77 89
42 82 70
88 4 49
64 37 38
7 74 70
69 22 8
44 81 46
92 68 56
36 36 17
28 40 97
51 10 26
40 5 8
63 45 65
12 62 54
50 69 28
73 91 50
81 87 83
79 79 52
35 68 88
4 48 81
53 0 43
32 92 0
40 55 46
57 19 60
12 22 29
40 95 72
43 28 60
26 59 91
30 47 59
71 51 60
52 57 60
47 89 4
48 81 12
46 39 83
6 3 5
87 95 52
60 38 32
20 17 92
63 47 39
75 70 42
35 74 99
47 22 40
3 22 22
15 68 13
99 74 16
56 61 11
9 73 2
41 45 19
85 9 18
24 84 89
19 19 63
18 18 37
59 21 59
33 37 27
46 88 53
14 96 67
77 57 40
31 99 86
50 36 47
21 61 31
62 80 2
77 50 20
15 61 93
26 94 30
6 92 70
59 58 67
26 36 24
19 67 75
5 70 64
52 43 25
35 5 57
89 82 59
9 49 73
2 28 19
85 34 12
7 45 22
26 72 58
3 91 78
30 48 48
94 52 43
71 39 48
28 28 82
40 89 84
13 43 12
32 28 98
96 88 43
19 14 67
29 17 10
7 48 58
7 42 62
50 14 1
50 94 81
33 86 70
69 51 14
81 36 94
31 84 82
74 3 49
42 85 18
52 44 18
63 52 13
77 54 27
79 57 73
12 42 12
83 11 63
49 44 51
43 75 36
78 1 91
27 43 76
97 48 73
16 11 25
29 88 31
8 19 88
33 84 30
45 67 93
61 16 37
64 11 64
0 89 66
44 68 9
72 66 57
45 34 20
70 63 61
54 71 32
94 56 16
25 54 35
18 15 3
8 79 15
72 32 56
38 76 77
0 48 43
9 94 29
82 16 92
43 22 15
27 17 23
96 94 77
83 64 92
87 72 24
2 97 8
10 87 36
87 87 36
82 49 30
11 31 99
55 26 73
22 5 90
46 1 84
23 85 49
16 72 73
92 26 70
0 36 10
88 76 97
24 58 98
7 70 29
6 77 55
31 0 61
22 46 14
58 69 99
7 37 23
33 29 1
55 81 90
65 69 66
15 94 24
13 53 46
43 11 24
50 42 24
63 64 70
78 23 91
29 82 29
5 67 58
6 23 92
48 40 13
14 55 7
91 21 12
89 16 23
65 18 66
89 82 30
11 12 5
3 93 88
32 98 55
42 57 30
34 5 71
48 72 78
7 15 51
20 4 67
95 70 86
61 11 68
92 23 32
97 78 25
37 62 76
45 4 33
27 91 90
50 91 62
81 50 77
32 22 34
0 18 4
38 79 15
58 23 90
90 73 20
15 10 82
91 7 39
76 35 82
67 37 73
81 18 23
11 51 98
45 3 16
1 41 47
68 99 71
59 89 44
31 56 6
14 0 14
5 76 1
87 95 38
60 77 57
35 88 60
33 85 63
1 86 4
49 54 3
20 65 44
64 97 0
22 11 0
36 16 29
37 55 24
28 15 53
37 2 93
97 36 78
60 89 64
16 38 19
19 10 84
63 26 81
15 49 44
68 85 12
49 75 67
73 55 34
79 92 37
72 89 25
51 1 14
67 17 5
86 88 15
23 3 94
56 18 43
1 38 80
65 87 7
33 13 14
19 92 6
56 16 47
33 19 0
48 87 17
5 25 57
72 48 60
66 5 31
61 58 69
94 23 57
53 8 70
68 28 14
26 36 30
74 70 50
26 70 37
96 75 14
53 99 63
14 18 20
97 79 78
66 25 53
23 79 14
45 47 94
59 73 30
42 99 52
92 26 22
81 22 49
95 75 49
10 41 67
82 38 98
12 57 24
66 80 3
32 78 50
26 89 75
56 31 75
9 75 1
83 8 75
33 56 50
34 66 44
1 49 34
51 13 91
75 79 24
30 11 2
32 89 91
8 98 75
35 7 50
36 42 59
63 75 67
65 9 33
9 62 34
44 14 0
35 41 79
59 72 43
13 56 84
5 64 82
32 51 89
82 39 32
93 2 59
60 68 21
46 77 83
32 73 49
32 61 91
64 72 15
59 86 71
43 43 88
26 75 39
67 9 31
51 55 33
11 15 1
32 13 31
67 46 56
17 30 17
60 46 90
75 5 28
98 1 23
38 27 98
30 46 59
61 98 14
46 61 30
48 45 95
31 64 93
87 81 24
5 93 70
47 20 28
27 19 29
50 9 8
48 39 54
59 52 4
74 99 17
56 99 62
51 30 27
45 17 60
21 74 54
43 73 74
23 0 45
52 50 55
12 50 46
19 10 51
23 84 50
41 92 49
55 95 31
82 40 0
95 13 75
49 9 0
75 32 1
73 37 3
80 49 54
26 20 64
29 44 0
79 37 44
80 92 39
11 75 32
12 22 97
39 23 6
39 98 39
92 23 28
96 3 29
50 82 50
66 11 46
18 91 83
62 23 75
53 35 2
85 99 24
83 38 47
89 29 98
80 22 21
60 18 25
90 20 7
92 38 18
38 56 61
21 70 85
96 23 72
99 9 71
23 44 61
23 85 42
21 18 64
42 78 34
67 20 6
26 12 44
45 50 0
58 71 22
95 20 46
19 19 7
90 94 51
3 17 88
46 90 6
62 33 85
97 0 5
55 79 70
0 76 20
52 34 44
75 82 64
21 1 35
80 44 81
83 47 51
71 93 41
78 8 74
15 5 27
72 60 6
42 12 82
63 65 68
7 40 50
23 13 4
10 93 48
91 76 95
42 99 41
36 77 49
10 44 6
89 17 18
47 59 31
81 74 48
50 33 88
52 56 53
56 66 46
4 10 74
52 4 73
93 40 51
94 3 47
52 92 64
70 40 24
53 73 98
1 23 32
41 28 40
94 84 59
40 41 21
14 93 25
40 38 66
91 84 21
90 36 65
55 6 5
31 12 31
29 13 54
13 55 82
6 49 19
65 42 12
86 8 57
63 48 95
81 91 31
2 82 67
68 37 25
25 68 37
56 49 51
63 15 58
97 73 7
68 38 1
80 76 10
37 91 10
84 73 2
15 27 84
34 95 73
60 73 93
97 29 94
0 44 9
58 42 34
18 10 24
19 43 0
81 80 44
92 17 17
94 84 96
30 19 44
55 79 17
48 28 98
42 29 43
4 87 37
38 57 99
63 77 42
15 10 75
11 2 92
28 48 28
77 30 47
21 85 78
38 33 7
36 28 88
31 84 75
20 74 85
20 37 62
62 5 24
89 16 79
81 97 79
62 74 10
9 47 47
40 85 33
47 73 61
35 57 97
62 77 71
47 97 61
61 12 66
38 1 34
17 35 83
96 97 57
58 58 4
6 98 41
39 97 67
52 84 24
49 47 53
20 46 51
33 60 15
51 98 16
86 67 3
69 63 52
79 74 11
35 80 9
29 19 59
96 23 43
20 72 42
25 44 89
76 78 1
43 29 51
12 67 18
15 89 33
68 68 7
31 55 39
92 84 10
51 32 33
95 4 5
37 30 2
78 6 32
31 2 13
82 14 81
52 81 70
86 1 90
45 32 97
85 25 82
95 28 14
29 23 19
86 13 1
40 43 7
72 75 61
86 57 75
19 62 57
41 48 58
83 45 43
80 30 20
14 78 48
81 59 24
52 45 37
53 38 80
12 10 7
74 48 17
49 67 79
58 60 27
69 43 72
64 24 55
84 38 33
32 19 44
8 71 41
45 76 79
78 89 90
37 63 90
54 64 10
33 23 70
12 44 66
37 8 90
92 92 80
77 76 52
21 85 75
62 82 52
42 12 41
84 50 4
26 4 20
36 90 43
59 2 39
25 39 47
67 83 91
99 60 20
3 33 5
79 48 39
83 42 4
76 26 54
32 4 10
52 93 52
48 52 55
87 29 46
87 48 30
78 99 42
98 3 76
55 34 24
47 17 66
51 45 44
57 77 48
19 81 93
72 29 45
79 69 26
25 56 26
7 34 26
50 85 29
78 92 63
2 39 32
20 42 29
16 51 6
16 71 87
10 95 69
7 26 38
34 51 94
60 59 80
86 61 17
67 39 10
82 93 1
14 13 96
43 81 47
1 97 70
41 59 17
10 67 43
48 53 47
94 65 58
26 4 19
44 23 58
6 6 51
7 72 16
55 68 49
55 69 98
25 62 58
43 24 77
38 72 30
85 18 47
43 45 3
14 89 27
24 95 33
27 54 5
43 62 73
44 17 95
43 94 57
1 89 82
78 28 6
60 65 77
59 61 22
63 75 63
90 0 10
23 27 16
28 23 78
54 67 47
1 62 42
58 63 31
92 93 11
51 5 77
28 65 38
2 28 65
17 70 65
27 93 45
95 73 20
26 79 87
73 80 50
15 91 65
99 83 11
10 86 16
87 66 33
77 68 13
43 37 83
60 64 76
5 12 2
25 38 81
65 11 62
67 79 53
84 78 88
95 88 75
64 76 93
97 5 14
11 48 51
94 9 68
23 66 80
25 44 18
58 9 29
20 28 8
25 12 38
14 60 27
41 24 55
34 73 60
48 84 61
52 31 70
20 6 88
0 31 32
70 89 93
51 62 73
12 87 38
50 53 98
77 94 74
84 81 47
45 81 84
6 33 67
28 5 73
68 5 56
1 27 97
46 79 59
20 91 99
58 41 52
8 71 99
82 55 80
29 0 13
65 58 47
32 38 52
5 7 10
61 60 37
11 6 68
70 78 59
21 88 53
74 96 24
25 78 79
57 60 32
70 77 42
69 10 33
22 67 40
84 81 52
73 92 58
42 14 89
53 36 77
6 62 74
30 39 4
62 96 16
46 66 46
88 36 56
21 10 75
13 46 56
65 19 0
76 61 15
17 15 3
94 73 17
20 4 56
77 18 4
45 64 70
91 4 58
99 78 20
75 91 66
83 9 86
84 37 99
51 54 66
54 0 40
23 21 96
31 50 14
35 95 78
57 87 34
16 86 12
36 13 56
55 97 65
41 33 54
92 84 8
59 90 60
99 13 81
95 96 31
61 31 79
39 88 66
73 56 4
38 45 70
94 0 19
11 93 52
65 85 88
25 44 78
85 95 43
19 42 39
2 3 22
81 94 10
99 20 67
56 58 12
26 52 12
97 63 57
49 80 42
89 5 39
67 42 86
62 61 29
53 16 32
75 49 27
85 49 99
4 57 57
16 35 61
80 32 24
37 33 56
32 22 13
71 41 55
57 3 69
38 56 85
23 83 34
2 20 35
1 25 92
58 93 27
19 26 11
95 15 44
51 47 66
16 70 7
71 80 62
92 18 70
29 41 53
16 43 74
51 44 51
96 54 96
75 73 22
87 20 38
31 23 37
50 39 8
9 63 88
72 55 58
42 85 52
48 1 47
74 4 44
25 0 98
21 76 24
96 15 44
86 98 20
23 48 59
83 10 22
23 82 30
82 76 15
86 24 68
33 98 72
77 75 25
28 97 53
52 45 68
48 31 18
68 54 19
80 38 29
54 61 11
84 95 87
51 81 12
71 15 62
96 44 38
21 72 87
26 76 32
46 25 63
64 45 69
83 77 7
12 32 21
23 68 68
63 72 50
27 43 17
89 39 61
27 12 86
14 38 62
46 84 39
61 1 85
31 84 62
90 97 46
63 72 67
32 87 39
34 14 82
51 56 74
64 35 86
50 50 77
13 48 61
52 62 14
89 93 99
4 35 48
2 51 72
69 83 60
8 17 26
43 20 82
69 84 18
7 87 20
84 0 20
98 4 82
12 46 27
11 50 15
11 52 66
84 22 1
96 82 70
22 77 90
57 98 26
27 6 13
99 90 65
19 40 70
2 53 68
81 16 18
96 28 22
62 64 96
15 60 31
85 34 8
75 43 7
2 70 65
15 69 55
33 41 96
55 95 1
23 76 17
41 25 97
15 39 61
12 55 73
43 40 8
3 16 51
62 70 74
27 37 95
35 70 36
31 25 83
32 48 60
1 41 85
99 57 24
12 21 31
86 64 72
46 67 40
49 82 62
23 9 99
71 44 22
59 27 47
43 11 48
55 13 41
92 64 50
68 76 71
0 14 35
72 60 55
12 10 37
74 85 98
25 56 43
47 68 22
47 11 34
47 18 99
40 10 63
91 78 91
62 78 6
50 2 18
57 66 28
46 92 66
44 18 22
39 17 90
14 16 53
48 15 71
99 56 33
14 47 12
5 61 90
63 63 45
34 72 11
62 18 4
28 15 22
3 6 91
45 20 8
51 20 23
22 19 31
56 85 78
20 91 92
62 6 7
7 40 80
19 55 50
23 35 65
97 38 24
40 84 96
48 35 69
24 9 40
55 17 26
86 37 69
30 52 75
37 59 68
69 30 75
20 5 10
37 2 49
13 95 85
10 95 72
79 19 33
71 27 3
97 65 92
18 47 44
46 36 4
14 6 86
89 26 92
99 15 46
0 29 41
37 91 37
9 22 8
95 93 87
98 43 4
90 61 51
35 7 88
91 21 46
77 62 24
21 14 39
68 14 68
61 4 59
98 13 81
59 60 27
46 58 70
51 1 31
54 36 39
42 79 60
40 8 75
64 30 89
4 50 55
24 11 59
36 62 25
69 21 85
96 67 96
66 18 97
98 73 85
89 67 64
1 8 24
76 72 54
17 28 56
73 5 68
84 41 30
9 10 51
47 59 70
43 25 41
92 75 66
77 16 85
93 18 93
17 94 18
24 64 98
80 37 3
48 21 96
30 83 7
33 30 18
56 25 95
97 69 71
63 46 39
48 91 57
94 8 4
64 32 68
62 13 5
18 13 78
14 96 13
73 81 43
91 37 20
87 86 89
10 49 87
49 50 78
7 96 39
63 12 71
31 26 36
88 44 2
18 11 50
32 84 31
27 28 21
48 15 7
37 77 9
77 26 59
55 85 7
94 48 19
18 31 45
6 19 42
8 38 53
58 22 89
42 49 17
63 97 32
70 87 9
79 64 88
90 71 25
49 66 26
20 36 9
18 42 29
60 3 19
65 13 41
54 55 90
72 70 40
56 93 27
18 24 43
58 15 14
83 16 32
61 37 20
71 55 63
52 15 66
23 32 79
64 86 87
6 10 57
98 67 50
77 85 75
20 95 42
87 30 58
71 92 47
92 15 2
55 67 69
73 90 1
52 6 40
91 64 50
49 63 17
51 40 54
78 13 1
20 0 32
31 71 24
78 63 39
33 70 58
2 43 0
4 96 6
44 87 22
46 88 85
64 92 78
70 70 91
72 43 43
4 74 14
80 4 30
71 37 0
81 40 44
81 96 92
39 92 31
61 38 20
99 54 12
29 77 34
72 1 77
15 57 3
29 37 8
11 60 97
12 41 89
56 74 85
48 65 29
31 26 20
51 77 74
15 58 3
2 30 4
79 45 61
35 27 50
43 38 62
40 50 55
82 58 81
67 58 46
49 90 25
69 93 54
95 61 13
99 63 43
55 94 41
69 29 20
71 24 58
86 17 61
41 99 19
75 18 30
21 67 20
46 88 65
1 84 26
14 35 41
9 42 36
2 11 17
22 35 42
81 21 11
94 14 10
65 89 80
95 63 48
15 61 36
33 62 72
59 28 7
1 90 50
89 92 13
6 15 48
0 48 21
11 42 88
73 7 29
54 3 92
54 70 54
42 55 68
15 15 97
22 68 39
24 57 31
38 15 98
38 68 46
12 31 88
0 57 48
29 11 3
22 17 25
28 59 81
96 74 48
93 49 16
32 25 25
16 15 40
14 54 60
61 66 92
1 18 49
1 47 12
4 69 29
82 97 40
63 94 67
11 39 16
79 24 41
4 40 57
96 6 63
57 67 81
1 21 99
2 22 46
14 79 68
95 61 17
87 24 63
54 87 55
70 66 79
64 22 71
73 18 77
88 27 97
69 28 18
20 30 92
18 96 71
86 43 84
56 31 8
71 85 47
26 8 65
57 24 87
28 49 6
58 37 33
55 58 14
25 30 96
17 48 93
41 87 36
25 43 19
86 14 5
85 93 65
51 50 41
38 79 90
96 89 79
82 44 37
96 21 67
92 90 67
37 31 54
26 9 49
45 47 16
2 32 9
19 83 59
60 22 90
50 18 79
29 52 75
18 48 48
85 93 39
53 30 22
59 56 31
9 54 78
25 56 11
34 76 46
45 36 68
36 39 39
67 68 91
43 39 92
43 24 85
82 29 15
5 41 24
88 50 78
19 75 86
82 61 62
28 6 51
49 94 42
40 62 62
83 57 1
75 0 78
12 83 59
80 40 0
4 80 50
34 99 77
20 81 90
35 62 97
38 11 91
80 51 5
42 86 14
96 62 15
74 26 50
33 6 42
34 62 22
36 96 74
66 69 7
56 56 69
53 94 80
97 26 83
54 20 70
69 16 84
84 90 10
86 76 69
28 62 31
2 98 80
76 64 49
84 73 5
53 26 99
86 75 77
21 30 97
43 51 14
27 87 56
90 73 84
59 1 46
90 3 97
70 32 13
71 16 86
76 69 65
27 7 92
4 29 74
54 72 25
20 52 12
28 42 37
13 53 90
11 95 94
60 18 26
26 89 94
64 18 63
29 97 23
74 54 52
48 8 76
26 80 28
90 8 22
28 21 75
18 85 23
64 45 41
42 71 82
36 36 0
52 17 98
75 43 4
79 44 64
55 70 44
84 12 52
58 40 26
86 11 11
9 75 8
50 70 80
32 6 68
85 10 37
35 37 81
39 16 25
3 72 47
47 8 11
99 66 4
25 52 15
88 13 42
97 63 12
29 48 71
97 33 81
86 68 71
67 59 87
44 62 11
43 61 71
7 12 90
11 38 94
26 78 8
20 75 71
33 4 19
4 1 4
37 40 72
60 59 31
48 56 45
59 51 6
83 58 19
73 69 9
67 47 87
75 68 63
99 1 19
70 57 73
75 46 13
99 7 72
83 7 28
28 18 80
87 1 90
58 74 60
19 42 7
58 69 27
73 68 28
93 39 37
66 66 36
31 65 43
3 48 2
84 29 20
16 68 22
6 78 48
18 49 42
26 7 12
5 81 32
34 26 71
23 44 37
59 75 55
54 30 55
56 14 36
29 82 4
51 89 34
51 7 83
94 85 91
58 91 24
90 77 2
14 52 46
3 12 21
58 18 51
14 75 18
50 56 0
7 7 41
41 10 49
25 4 86
68 62 29
92 53 6
94 67 11
92 70 23
13 81 93
16 47 68
86 97 76
87 56 83
80 98 46
81 75 50
68 95 65
49 39 18
8 85 37
19 77 59
42 42 92
35 10 39
56 97 89
32 36 45
68 16 95
14 98 22
16 18 17
81 67 56
51 75 41
40 94 18
0 88 12
44 76 23
84 84 20
73 16 8
70 36 76
66 2 74
88 19 44
58 52 12
14 4 39
8 96 34
78 48 74
91 93 50
14 77 34
86 50 3
94 72 39
70 38 94
97 79 65
41 37 17
5 3 73
97 11 70
31 90 18
5 81 63
8 47 40
42 33 42
45 79 15
37 1 5
83 50 84
48 44 73
17 49 77
43 46 40
65 29 30
83 87 63
47 95 10
39 89 95
82 87 74
49 76 28
54 59 78
91 59 22
16 76 24
93 19 22
86 84 4
16 20 43
32 19 90
42 10 79
38 44 66
64 93 94
44 0 53
75 43 12
97 59 41
73 5 60
48 91 97
52 59 69
47 91 88
37 34 50
16 24 95
35 40 88
81 85 40
35 60 83
99 9 43
40 35 0
1 35 91
50 39 50
19 86 42
59 23 28
9 91 4
4 78 44
45 60 81
85 47 93
21 46 55
16 87 42
16 40 77
59 90 16
9 9 2
3 20 77
83 29 68
87 86 99
84 31 59
17 68 58
11 89 4
18 5 91
60 21 31
37 80 73
53 42 82
7 97 54
84 81 84
52 20 70
3 4 1
14 22 69
72 85 11
77 3 16
20 63 90
4 52 22
77 57 16
12 64 14
66 48 47
50 52 67
72 56 72
25 70 46
47 43 31
58 72 34
26 92 49
68 96 53
91 26 10
7 38 74
73 4 74
20 7 78
40 79 86
64 57 57
10 4 52
41 14 76
27 92 20
28 61 17
81 52 95
43 11 33
69 37 37
95 9 96
73 1 28
60 65 85
69 75 41
73 68 55
49 47 99
21 27 60
90 60 64
85 3 28
18 24 65
56 19 26
4 93 28
32 53 93
17 74 21
58 47 41
65 48 89
65 69 68
77 60 29
42 45 32
70 16 57
87 24 76
13 28 21
41 61 26
87 30 0
8 41 99
49 6 99
90 23 69
59 53 81
88 95 78
72 17 94
81 4 18
10 17 99
31 11 60
10 98 90
10 58 31
62 59 90
61 50 65
82 9 18
63 49 65
94 73 82
40 55 38
11 17 56
10 0 19
22 10 69
12 73 27
96 35 86
38 96 88
3 79 49
74 94 98
91 40 72
26 81 79
64 92 96
72 2 96
91 24 59
60 88 32
39 36 67
78 74 15
66 30 94
68 56 41
66 47 81
90 73 62
69 38 6
17 10 60
66 54 36
25 66 25
57 58 13
24 36 88
39 54 18
86 22 74
27 41 73
60 31 99
23 53 37
81 70 99
42 36 5
78 13 72
55 70 82
69 46 70
57 38 76
27 76 51
53 3 92
78 15 75
77 90 80
66 72 3
66 14 39
23 92 5
47 48 75
29 17 74
99 26 12
76 53 88
27 58 43
71 36 58
46 14 49
79 80 21
82 98 35
73 74 79
78 21 27
54 51 96
28 2 22
92 78 27
80 57 37
23 28 74
33 27 40
34 6 72
55 88 23
42 61 97
74 40 70
1 46 21
50 26 76
24 18 6
4 98 64
41 73 44
67 58 23
59 93 29
32 0 69
7 95 83
4 69 75
74 22 21
48 72 99
24 97 17
82 1 15
46 94 40
43 62 98
66 21 91
48 5 44
17 12 39
52 68 8
27 95 30
0 43 55
99 19 4
16 1 57
83 0 51
75 43 65
74 9 39
17 9 96
13 27 9
52 79 29
12 59 24
95 11 19
50 11 90
6 79 44
63 15 44
66 90 39
84 16 0
23 86 10
19 99 89
80 4 20
10 16 31
86 11 43
58 13 6
48 71 37
92 86 52
88 53 95
79 37 63
32 12 1
42 83 1
83 64 57
3 26 73
35 64 37
78 22 2
36 71 74
73 15 60
78 56 65
25 35 54
88 67 66
42 61 50
43 44 66
52 0 44
25 87 8
14 65 31
69 1 54
43 26 21
55 4 77
73 29 65
27 70 84
94 12 98
96 7 94
14 59 94
58 36 81
18 51 98
49 20 51
55 15 78
77 22 82
6 95 12
71 23 82
8 69 46
6 17 53
0 31 12
47 41 48
28 59 51
79 61 71
30 68 38
8 45 61
43 4 8
7 27 83
41 35 52
87 93 21
40 94 4
4 93 45
52 73 57
4 52 70
27 35 38
18 95 36
31 38 40
39 97 19
23 38 55
27 25 48
49 17 94
53 21 87
51 26 61
60 82 65
30 61 0
68 79 96
56 10 86
48 2 84
68 25 22
23 4 0
23 53 69
70 59 43
57 62 69
70 22 3
88 52 64
40 72 96
88 81 58
75 29 60
11 97 37
85 72 42
85 48 47
7 18 6
50 27 68
71 50 42
74 38 94
38 78 19
34 67 0
93 94 81
5 5 79
43 90 3
85 28 51
32 35 69
91 37 49
11 8 99
54 34 89
0 72 19
19 59 38
71 4 32
53 9 89
84 4 80
39 89 60
91 74 47
12 65 84
61 76 44
12 82 78
1 83 2
21 2 61
59 26 17
92 31 79
81 15 83
13 6 25
73 49 99
20 62 16
56 75 44
52 40 27
30 41 10
33 14 64
46 74 90
16 18 21
95 51 88
78 17 95
3 90 44
54 63 58
70 71 86
67 24 26
94 6 19
56 39 34
20 38 60
11 54 78
32 49 81
73 79 98
68 35 41
12 89 56
23 12 27
9 31 3
87 25 10
6 81 1
40 53 39
0 64 45
30 49 46
12 22 26
62 42 61
3 54 2
59 29 66
39 38 97
42 25 74
52 84 55
6 24 9
45 77 25
91 59 26
37 23 48
15 86 90
28 89 97
31 1 78
49 40 17
47 34 94
21 39 78
29 45 55
90 90 84
15 33 43
94 23 67
42 38 5
85 19 94
34 2 95
12 51 87
81 98 22
76 72 61
6 1 6
61 91 48
97 58 34
93 52 57
12 47 47
17 84 66
63 18 68
59 82 72
98 64 70
20 92 42
33 98 95
91 12 86
40 9 97
74 54 1
83 66 48
82 83 32
1 99 2
21 10 85
93 8 1
64 81 93
58 14 43
54 6 55
92 98 17
89 72 71
43 7 90
91 89 25
76 90 24
78 64 34
15 57 43
16 73 24
61 32 90
5 38 96
12 30 94
81 72 18
5 15 25
95 58 67
72 34 9
97 65 73
83 32 83
26 1 56
2 62 40
93 19 78
41 84 61
88 65 85
6 22 52
84 69 10
3 42 97
64 39 14
38 22 46
21 1 99
29 55 14
70 0 85
48 42 69
9 30 87
46 88 9
98 24 79
61 79 21
58 44 12
24 34 86
22 7 87
22 36 43
36 6 95
21 7 37
43 68 19
30 15 60
91 65 36
70 26 16
43 36 60
7 60 46
94 83 53
33 57 41
28 45 48
24 18 7
61 61 75
33 43 42
93 35 8
81 57 34
97 53 71
9 60 83
55 54 18
60 88 75
2 16 72
2 40 91
9 54 4
84 39 0
27 84 87
35 65 96
21 63 49
92 24 10
28 32 16
46 92 56
74 94 73
46 48 65
89 57 71
94 94 10
46 73 94
33 8 60
29 81 75
79 74 99
41 54 83
9 0 76
66 74 22
39 73 71
56 62 80
80 8 74
90 54 47
37 87 7
97 69 89
24 0 15
75 93 69
59 2 21
87 68 96
9 59 69
32 16 83
13 96 92
39 38 46
39 75 86
98 24 7
39 48 7
54 76 0
75 35 2
49 74 71
45 83 30
66 68 98
49 81 46
93 72 85
92 11 60
78 10 37
37 49 37
44 56 13
96 83 0
50 32 74
21 29 10
4 47 78
54 97 11
1 42 83
86 34 47
98 64 57
35 1 58
73 97 66
38 93 50
91 44 34
65 17 64
27 73 11
5 28 60
16 81 55
52 19 89
99 17 6
8 5 59
18 30 57
85 68 2
87 11 98
73 77 68
89 4 93
1 62 21
13 30 54
68 82 73
10 81 43
68 41 48
27 60 30
36 97 50
91 36 62
41 9 91
9 99 95
3 52 9
76 65 40
31 86 22
56 48 56
99 68 97
99 47 9
29 36 6
80 27 42
42 20 4
33 30 3
80 85 55
42 61 72
82 44 10
56 1 10
64 52 78
62 52 78
23 33 14
82 13 93
24 7 13
80 92 43
83 25 80
90 67 94
15 1 38
25 9 91
88 74 96
18 88 0
96 11 33
62 93 47
55 70 6
69 50 51
64 86 76
45 76 95
91 91 96
29 69 57
73 57 31
69 27 19
69 24 83
54 86 76
53 94 98
60 63 1
11 79 87
39 76 63
34 67 7
82 49 76
39 22 85
23 43 64
42 64 40
25 70 79
54 24 73
4 84 88
5 47 67
92 38 96
56 24 63
15 6 12
91 97 86
28 72 81
92 15 97
33 92 68
12 98 92
37 3 28
25 8 27
44 1 65
40 9 89
4 24 47
68 67 96
55 47 69
88 91 36
86 76 80
54 40 79
98 77 82
26 54 42
53 99 95
18 39 4
59 95 80
6 64 99
2 71 46
71 59 38
59 45 14
40 51 55
19 49 84
53 75 39
95 80 38
43 98 29
47 9 25
80 15 89
79 70 60
26 41 71
16 53 17
82 93 68
37 12 18
74 17 45
13 64 26
3 7 76
32 7 86
57 87 53
98 66 23
10 92 17
82 60 70
51 43 63
71 32 27
41 6 44
87 71 8
65 74 16
93 7 23
79 16 10
85 67 28
8 29 73
25 11 33
95 14 76
10 86 9
37 27 15
81 66 87
42 31 13
58 25 20
33 56 89
95 41 8
23 2 37
96 27 1
82 75 15
58 85 1
67 23 29
35 56 47
74 98 79
87 8 56
60 41 64
1 88 58
9 64 60
46 12 39
47 94 14
63 53 52
16 72 27
97 7 83
45 81 34
76 21 42
32 81 36
48 82 76
6 43 40
66 89 53
58 89 47
72 4 0
76 20 25
3 18 32
39 63 66
73 91 87
67 75 20
55 23 54
32 82 97
24 48 38
77 6 27
77 31 31
77 7 4
2 63 22
87 2 37
5 27 28
44 94 3
16 2 78
70 34 60
19 58 61
57 88 19
37 65 50
68 94 10
72 49 73
46 88 27
35 93 54
15 37 0
18 5 2
49 75 88
9 94 99
22 3 87
42 40 4
44 9 98
6 33 99
31 32 87
58 67 80
64 83 69
17 53 74
71 54 1
60 16 95
11 38 99
50 32 39
54 29 0
4 35 86
4 67 70
91 77 89
24 94 72
93 11 78
20 34 32
21 94 48
69 57 39
20 7 71
11 61 0
64 18 88
50 22 7
72 13 84
61 37 30
86 83 93
64 3 28
48 76 74
49 45 32
88 65 39
11 77 53
64 93 71
52 95 45
59 67 58
95 28 48
78 14 31
71 30 86
99 79 62
74 80 8
6 20 25
97 31 54
2 47 47
73 99 42
18 10 61
29 58 90
29 36 56
60 59 87
98 59 18
60 85 50
20 43 70
98 40 1
4 43 1
52 68 0
46 39 63
8 20 73
50 49 61
6 61 20
45 59 31
15 71 16
65 44 59
87 42 52
41 46 95
42 50 15
94 49 54
57 9 74
82 59 75
43 17 36
16 15 47
47 82 71
16 0 15
27 87 9
79 28 7
74 70 58
90 65 59
96 74 68
23 9 79
98 4 96
87 20 63
34 20 46
57 88 46
72 15 85
81 95 66
89 21 36
99 63 53
58 60 80
78 35 89
57 85 93
53 72 66
17 59 86
15 16 26
13 89 41
98 22 36
64 63 58
53 62 21
58 72 33
38 50 68
27 59 54
73 65 78
39 34 37
77 49 6
3 14 47
44 12 69
81 29 33
91 34 47
64 92 72
98 31 22
18 10 34
24 83 99
3 22 33
92 99 34
98 2 48
45 99 60
67 80 41
52 23 75
99 87 20
71 37 51
46 8 61
80 32 45
79 87 19
64 32 19
98 30 73
46 28 72
58 47 4
52 99 79
27 98 19
99 70 56
50 68 16
64 48 1
61 79 88
32 95 20
3 93 3
77 91 83
1 49 30
58 1 29
37 81 27
56 80 49
65 83 69
33 99 69
34 12 0
75 44 95
47 48 88
50 77 79
85 30 81
15 88 82
96 78 15
76 86 96
77 3 31
47 37 30
16 23 94
17 98 38
12 46 38
53 48 67
84 34 98
65 1 38
0 98 68
15 74 55
63 51 10
94 50 99
76 67 23
22 36 73
61 0 19
51 5 20
19 90 54
69 7 7
7 7 5
76 23 31
83 38 35
45 33 85
45 61 4
20 84 92
93 97 93
65 48 98
85 19 40
91 88 48
98 48 7
56 76 30
39 11 21
74 56 6
12 53 67
68 73 3
13 19 0
58 84 1
8 21 72
49 12 13
49 62 61
56 70 37
39 10 48
60 36 56
66 0 10
33 69 35
89 34 54
41 92 90
94 0 11
67 49 75
32 98 38
93 55 8
82 94 70
82 54 7
90 72 7
0 57 28
36 46 62
42 88 54
33 34 7
96 53 56
72 85 7
62 78 14
22 12 60
93 46 66
0 37 38
59 89 95
88 77 42
2 20 82
9 5 16
16 1 70
24 25 55
83 39 86
97 62 50
57 55 97
23 7 86
13 18 75
9 6 53
3 61 25
85 22 30
53 38 83
75 14 61
83 98 0
21 47 14
71 57 21
20 32 28
6 46 47
34 7 5
87 10 18
12 47 40
94 0 30
77 28 45
90 11 95
91 32 42
57 3 51
79 76 84
59 34 30
58 68 37
16 55 99
34 19 46
75 65 98
57 95 26
2 85 37
49 28 69
92 86 25
95 65 1
79 76 35
61 35 4
98 51 11
49 37 83
95 64 48
94 22 43
20 76 81
58 26 9
79 70 95
4 65 12
57 45 89
93 6 76
49 57 27
12 6 64
95 54 81
96 48 3
91 20 79
72 30 5
34 10 75
81 14 93
94 72 38
35 17 96
11 66 5
90 78 64
6 26 18
87 22 18
90 65 38
22 38 69
27 24 31
55 5 45
0 99 69
38 86 38
86 97 4
92 87 35
8 46 61
26 33 35
96 24 52
34 46 42
55 25 66
86 32 72
84 32 71
5 22 10
44 9 7
0 53 47
35 13 93
48 39 78
35 87 54
88 73 52
30 29 78
97 67 62
69 3 95
92 9 69
2 5 30
62 5 35
9 41 48
54 41 39
84 77 26
39 17 0
91 47 29
21 96 48
84 17 52
31 10 13
0 64 18
83 26 23
18 87 16
67 93 58
6 78 87
85 17 4
85 8 3
66 82 52
14 66 69
18 49 31
83 49 48
53 84 26
77 3 14
45 22 59
55 80 89
42 65 6
98 50 67
54 68 49
58 83 67
79 53 16
11 89 17
11 42 2
37 71 57
3 17 79
63 24 11
52 19 77
11 17 79
30 23 48
31 81 83
98 61 88
66 24 77
83 87 72
37 24 43
94 28 12
25 43 37
37 95 56
66 58 25
45 88 1
45 19 34
80 69 95
21 35 71
98 71 58
70 8 35
66 3 63
78 28 6
67 65 53
23 31 64
1 29 52
2 26 24
36 59 45
84 80 81
7 78 52
18 1 60
53 67 15
16 97 44
74 65 61
79 40 45
43 93 74
48 95 52
72 84 11
17 68 91
50 27 22
54 45 23
67 98 42
82 66 91
78 40 56
40 72 49
85 15 42
11 63 90
15 87 74
27 57 94
70 7 21
92 14 67
67 81 65
9 15 32
53 94 24
61 34 48
10 71 64
5 82 79
95 97 67
69 76 24
63 47 83
36 91 97
3 59 30
69 20 46
53 73 40
29 35 26
78 97 97
94 2 31
73 97 80
92 18 57
16 33 56
52 70 47
49 73 6
80 94 27
26 99 52
18 81 87
44 11 37
41 5 39
24 30 89
4 23 7
13 91 93
69 43 15
17 93 88
75 25 35
54 3 86
7 21 19
46 17 30
83 58 87
75 82 18
64 38 93
23 52 84
16 21 28
83 90 73
72 18 98
59 72 53
97 31 26
17 30 43
47 65 1
35 40 35
5 4 73
98 80 25
34 48 99
62 32 41
87 56 59
37 15 84
90 12 67
16 81 49
59 29 15
12 16 55
99 21 12
25 71 44
2 5 92
1 20 76
43 7 32
54 45 99
90 35 64
58 4 45
7 15 74
74 28 42
30 27 63
94 4 86
38 7 44
82 8 64
59 3 71
91 10 16
43 0 4
7 10 60
52 18 75
79 92 3
21 74 83
37 20 87
75 58 46
19 93 7
83 52 62
7 95 72
23 38 25
79 45 35
39 50 5
15 29 50
70 2 24
5 91 97
45 67 7
91 86 0
98 70 52
61 77 0
85 52 38
10 84 36
46 75 38
51 42 67
1 13 21
78 70 13
27 15 80
34 59 66
35 57 88
39 70 65
39 56 70
30 18 54
18 64 29
56 68 24
23 21 89
96 51 59
9 78 27
41 13 86
8 48 95
48 39 66
14 31 74
36 61 92
42 79 9
71 35 77
47 10 50
36 6 2
96 68 80
23 9 45
9 69 45
56 18 85
74 84 16
48 72 77
93 14 8
2 37 95
31 85 5
81 21 63
35 17 83
68 92 45
13 53 66
59 10 84
96 84 20
12 85 92
41 78 6
49 32 44
44 15 29
1 48 2
16 84 20
0 4 64
97 17 18
63 28 28
0 24 64
20 36 49
65 77 79
23 78 63
19 74 78
0 27 27
3 44 63
75 96 67
39 93 36
57 56 65
37 56 89
2 29 78
3 46 7
83 69 38
46 89 12
77 89 92
56 44 88
19 19 84
38 59 29
26 68 37
91 58 46
33 12 75
11 15 21
18 98 42
56 97 83
21 74 73
65 30 17
53 1 89
37 91 0
18 17 20
55 61 78
1 94 90
28 57 6
1 27 56
44 36 5
27 57 79
52 22 61
22 27 14
11 64 57
63 34 27
83 89 88
62 43 34
4 71 91
10 73 70
19 69 6
24 96 15
56 1 37
69 23 16
36 86 80
93 49 66
20 84 56
60 46 99
94 51 70
37 13 95
8 84 64
14 61 13
30 17 66
19 38 41
36 74 27
68 68 28
35 40 12
43 1 11
42 47 14
64 85 27
12 93 64
28 59 25
41 41 42
7 61 32
0 49 7
27 69 27
7 4 67
72 99 20
83 93 68
97 58 53
76 22 98
92 50 9
17 44 51
11 3 12
44 4 13
51 31 82
30 91 39
97 63 38
70 98 32
38 47 42
43 75 64
41 68 14
50 85 58
53 97 62
65 41 66
30 44 49
13 74 92
4 23 7
42 93 5
26 31 52
68 26 80
32 19 48
99 70 33
9 75 82
23 41 75
89 23 19
91 88 93
35 92 17
43 35 10
48 61 94
53 82 20
33 66 40
33 65 62
66 27 37
1 50 30
76 92 6
96 83 94
41 70 87
10 13 22
21 62 35
67 67 17
39 52 36
31 85 1
93 3 28
83 4 31
65 81 23
71 29 58
66 70 28
53 81 42
27 54 56
14 73 75
32 12 27
20 44 12
21 89 15
2 24 72
33 90 53
8 61 34
66 79 4
46 32 37
88 11 91
96 26 64
71 10 29
50 30 25
62 3 14
30 5 39
2 90 81
7 50 94
41 16 74
97 63 58
35 3 70
78 52 96
95 23 6
76 26 36
1 88 39
15 70 97
6 72 39
39 31 90
34 72 58
8 22 73
66 57 29
36 87 81
32 82 56
90 58 82
26 11 23
18 79 93
67 85 18
6 77 49
48 11 74
59 19 48
32 37 57
13 74 44
94 58 79
3 49 89
37 27 1
60 97 80
6 64 17
24 23 94
25 71 57
51 82 76
99 15 66
56 80 40
1 27 50
32 30 51
21 67 31
74 80 28
6 86 45
76 10 68
22 87 39
80 39 74
8 38 89
74 95 21
66 48 48
17 32 30
20 5 98
51 80 30
80 38 16
25 14 78
45 37 65
36 17 4
10 25 95
51 0 90
73 66 90
21 35 22
52 56 79
2 7 59
84 39 98
0 16 64
30 61 1
95 50 18
52 60 96
47 12 96
89 85 14
79 58 50
53 62 6
32 16 65
44 0 57
94 52 73
58 82 87
60 30 37
30 82 97
26 29 61
74 18 98
41 49 57
91 2 71
49 86 88
66 30 40
23 76 45
49 35 27
36 47 57
25 77 39
74 56 20
36 82 38
34 23 39
43 66 41
15 15 80
55 82 62
47 57 39
92 6 74
20 42 21
29 19 50
21 94 58
41 82 93
32 16 16
71 12 35
65 27 2
97 34 36
59 81 94
98 74 0
72 46 95
45 75 14
48 96 60
6 90 42
51 22 59
20 45 23
55 62 50
57 59 36
94 19 17
40 69 91
40 42 89
87 39 65
54 87 13
14 46 3
9 97 77
20 17 75
43 24 89
93 82 49
29 28 20
98 20 89
42 60 83
31 0 23
96 54 10
62 20 8
17 29 6
95 49 75
22 92 0
11 37 34
60 18 14
32 17 34
74 59 46
57 42 46
80 91 52
43 53 25
51 70 54
9 17 56
85 39 0
37 51 38
23 63 8
37 96 25
71 70 36
69 79 79
68 60 70
20 55 23
45 58 45
52 68 63
60 5 2
60 42 53
50 17 17
59 54 65
84 77 87
73 46 66
4 14 78
74 87 33
49 84 92
94 88 12
9 48 17
12 9 11
17 11 28
86 70 34
3 7 11
90 80 9
57 84 76
87 10 63
73 11 99
17 57 88
29 67 36
98 79 97
61 48 61
41 35 31
75 38 38
38 81 70
99 90 6
75 77 68
90 50 79
90 67 37
30 96 4
66 46 35
16 7 35
77 0 70
60 27 61
51 65 42
73 65 32
80 92 9
0 83 12
80 25 79
69 55 28
73 73 26
60 41 86
95 18 86
18 31 14
79 82 31
73 55 48
57 87 41
66 88 76
30 20 1
10 89 56
90 14 29
16 74 71
2 21 41
89 39 72
55 70 6
86 95 14
35 52 1
28 71 41
4 1 61
5 63 2
13 53 16
94 70 90
65 24 64
59 13 55
83 20 78
90 7 73
56 94 26
9 22 49
51 78 50
64 35 14
67 48 19
35 42 41
78 60 66
42 19 31
97 2 52
75 44 59
1 52 5
27 62 79
28 65 57
78 81 92
44 48 92
16 84 34
57 62 94
23 56 65
55 5 68
59 81 64
70 82 17
75 61 31
54 41 96
63 19 77
7 16 78
99 32 14
33 41 28
80 17 84
45 24 89
13 83 22
30 53 56
99 80 69
30 34 10
26 49 30
55 56 98
33 55 82
47 88 23
27 68 40
11 14 64
1 79 99
75 61 52
32 60 32
1 42 18
12 20 19
94 76 75
44 61 30
26 61 71
1 88 91
94 0 57
58 53 89
10 28 50
62 12 63
47 14 57
65 78 78
37 72 54
12 68 67
95 94 28
66 95 17
9 89 69
67 0 74
8 10 2
10 24 67
73 71 33
83 89 11
61 26 35
67 90 3
34 85 49
63 3 44
32 13 86
53 32 38
27 40 0
81 50 24
48 76 48
81 59 89
92 72 67
79 39 57
82 73 43
31 88 98
28 72 11
66 25 95
4 52 35
4 34 38
80 82 66
28 16 77
69 60 49
36 40 88
94 74 13
89 6 2
39 86 26
3 52 52
98 8 4
86 12 90
24 92 25
42 73 41
19 42 1
68 31 41
56 77 16
21 18 74
23 57 12
2 60 16
54 59 24
10 97 36
1 21 80
26 15 5
67 34 0
20 54 31
14 62 60
82 83 78
8 59 87
20 61 48
36 15 59
60 25 56
48 78 29
80 4 96
86 23 30
38 96 36
21 10 98
81 92 81
11 0 92
98 72 53
98 8 20
9 20 98
17 68 76
98 0 33
94 38 56
76 76 52
12 97 14
62 30 6
44 93 58
36 92 30
42 42 90
62 4 10
60 73 30
89 72 83
22 18 21
30 47 98
35 11 47
49 74 78
8 18 71
66 6 15
49 0 10
39 63 66
2 75 39
84 64 63
67 86 82
89 17 81
39 52 92
86 53 66
16 61 36
40 80 43
7 29 43
17 20 58
35 22 34
75 59 50
38 26 37
72 67 6
53 6 10
46 93 63
12 9 77
49 1 57
44 9 86
39 78 6
50 14 81
84 41 40
86 31 18
75 4 86
81 9 92
43 7 37
59 72 99
36 21 0
93 17 9
79 8 40
37 58 54
18 94 95
10 81 26
29 56 82
15 90 92
59 85 51
97 44 23
96 80 96
96 73 13
58 4 74
98 94 32
4 12 79
51 75 60
77 4 68
12 71 10
56 30 96
7 27 40
31 75 73
27 24 98
93 82 55
67 32 49
51 36 13
30 87 88
42 16 92
63 80 63
73 36 46
21 96 25
14 27 1
87 6 77
37 99 59
92 18 43
41 70 31
55 0 70
43 95 86
88 58 67
3 83 55
49 57 51
75 71 30
76 10 37
53 47 88
64 92 7
59 33 29
90 40 81
60 36 76
98 24 86
17 27 70
25 29 27
28 4 50
59 32 12
48 37 11
88 53 3
47 12 89
76 54 29
58 66 17
86 16 93
73 86 73
95 11 2
74 39 6
76 50 90
88 50 27
99 39 80
3 86 44
44 15 50
25 25 68
43 11 84
36 36 70
9 83 33
11 9 25
69 85 75
59 73 26
86 73 17
18 28 3
14 72 18
64 97 43
32 92 7
69 29 95
39 90 79
25 54 88
50 23 74
25 35 99
3 73 24
20 44 4
76 58 28
94 75 78
90 7 70
97 28 51
92 68 94
23 45 48
64 95 23
90 72 58
89 28 84
66 48 28
70 24 86
99 71 61
29 13 21
99 62 49
3 6 69
97 30 14
97 94 61
20 36 34
31 25 62
15 91 62
43 14 39
81 65 62
95 94 75
16 45 37
17 48 43
87 97 25
53 94 71
15 15 7
1 98 33
15 65 76
77 8 42
16 41 7
78 36 53
5 4 99
42 22 47
38 61 45
63 66 91
35 33 58
94 34 56
79 49 21
56 79 81
50 95 23
58 26 11
63 31 16
62 26 90
62 64 3
7 79 69
50 66 55
9 61 89
65 40 91
39 48 70
20 99 17
95 9 95
59 72 79
75 87 5
17 49 21
20 56 52
41 6 19
48 67 32
90 33 24
81 24 73
3 44 24
20 92 33
68 51 57
47 78 44
4 95 93
25 67 1
29 60 60
48 9 27
32 51 12
57 32 36
30 87 33
6 59 77
91 27 28
48 74 58
45 78 53
90 55 72
44 85 84
56 85 45
83 70 96
48 27 80
36 9 67
21 67 27
98 58 6
26 58 81
84 3 11
89 94 19
13 90 56
50 46 93
95 81 15
44 29 42
24 18 3
44 39 70
23 38 28
29 16 39
62 53 42
26 94 88
45 60 78
53 10 76
98 57 58
14 1 39
8 78 57
64 74 49
34 97 87
15 26 55
54 89 60
48 15 55
89 12 15
67 17 25
96 15 34
54 29 36
93 90 66
3 54 40
52 40 37
91 7 15
46 13 4
59 62 71
14 3 83
81 22 52
58 18 68
92 72 49
28 18 39
46 21 45
86 73 86
75 16 93
91 14 59
47 73 21
19 39 76
54 20 98
7 78 17
27 71 89
76 51 7
68 98 80
13 36 5
99 12 21
45 55 36
4 2 61
77 73 1
53 80 21
51 87 0
20 66 23
10 94 74
69 62 24
50 28 61
55 27 25
29 24 80
65 80 34
78 9 8
79 62 88
1 66 27
53 86 45
28 48 39
54 70 2
79 20 30
92 27 9
69 8 86
1 25 66
35 4 76
95 83 90
35 36 8
14 89 47
59 17 95
51 72 17
5 3 37
87 47 17
96 16 25
34 17 51
53 4 55
29 52 90
71 87 27
32 2 68
79 13 86
26 64 10
44 69 65
33 56 12
2 5 80
80 39 49
83 44 53
90 25 5
80 97 45
7 81 99
76 12 64
14 90 29
76 86 50
41 20 59
5 74 16
85 54 7
34 37 52
39 79 77
97 60 26
42 19 7
93 95 19
57 61 10
38 37 96
89 30 68
0 87 43
16 24 49
23 10 39
75 50 18
53 99 30
79 93 50
87 86 45
58 95 59
68 34 48
17 75 79
37 75 18
80 91 43
82 14 53
73 90 55
43 95 54
74 74 47
24 13 85
21 72 81
80 92 15
81 61 90
60 99 65
78 31 8
73 13 22
27 38 64
82 82 59
89 56 86
88 32 51
74 5 23
7 38 68
22 19 29
64 31 28
81 61 60
89 35 25
63 14 64
80 96 98
91 37 6
77 78 90
29 52 95
4 11 33
72 85 52
54 49 83
34 82 45
94 23 32
72 86 46
88 66 94
38 10 32
44 87 10
34 68 14
29 25 77
15 97 62
19 3 63
55 38 45
0 84 68
32 8 6
30 96 25
24 34 35
56 30 74
18 64 43
84 46 68
61 13 17
23 32 73
86 87 11
83 39 47
51 23 56
10 53 4
35 78 39
70 86 69
44 57 86
39 93 84
59 55 97
77 30 81
50 69 69
13 52 60
60 56 84
68 66 89
73 53 19
64 75 6
85 71 15
23 11 8
7 70 15
56 99 46
38 1 15
59 14 19
71 27 75
55 47 93
97 20 98
16 84 73
74 22 45
89 45 8
50 53 30
65 61 30
63 99 31
78 10 98
50 82 77
77 89 24
23 86 97
21 55 33
95 29 55
92 71 1
0 21 6
30 86 67
12 50 19
44 80 29
94 82 63
23 60 5
47 83 43
44 4 98
78 51 28
85 43 51
86 43 72
92 26 10
12 38 12
31 34 93
12 28 75
76 51 87
33 51 70
76 47 27
27 77 78
7 63 22
58 49 17
30 94 43
40 6 82
53 37 16
98 1 97
25 77 0
13 62 51
35 39 51
62 18 28
41 25 91
15 83 93
32 13 39
28 5 45
10 10 34
78 60 87
27 86 17
28 51 79
31 86 70
82 49 88
63 90 13
54 57 96
99 89 61
38 17 19
35 79 81
21 10 42
9 37 28
26 17 31
5 1 17
28 83 18
16 98 60
30 53 17
78 4 7
92 43 76
11 30 8
92 4 18
34 13 7
14 91 77
97 48 78
15 76 13
33 45 12
94 75 17
63 5 21
70 97 16
99 60 47
7 5 51
77 91 16
84 58 7
61 55 55
91 22 84
5 56 29
17 2 56
34 17 61
7 88 11
24 39 23
71 46 28
74 75 20
90 59 78
49 73 33
4 64 56
40 69 64
69 38 18
77 24 35
39 32 75
2 8 66
25 79 64
54 5 39
26 95 99
4 44 24
89 0 88
97 93 10
61 62 0
31 92 77
19 31 61
46 85 69
13 62 0
77 16 5
17 94 0
68 98 96
92 88 48
32 85 41
42 99 56
95 82 48
72 1 31
85 48 16
54 61 78
54 38 47
11 7 41
11 75 92
59 67 80
7 0 17
49 94 68
5 41 51
53 65 4
36 50 52
52 4 65
82 10 56
81 21 63
23 84 39
67 43 58
99 3 58
16 4 5
37 61 46
88 66 12
44 2 62
49 54 19
14 88 29
22 70 3
86 45 87
77 12 83
35 11 38
94 79 42
51 16 3
97 56 21
61 1 23
24 50 29
95 16 69
76 39 39
79 25 84
19 54 48
2 89 59
92 35 39
34 86 55
89 84 12
10 45 65
85 21 15
66 68 83
35 45 22
75 76 99
11 95 53
60 49 43
19 41 78
10 75 17
66 16 1
30 78 98
47 63 72
14 81 92
97 17 37
72 44 14
71 55 9
77 67 59
72 87 52
2 49 28
19 15 96
72 97 75
23 96 90
95 10 72
87 60 89
77 32 85
91 55 40
52 84 8
63 56 47
16 11 96
96 30 64
92 3 13
19 26 10
10 73 72
34 12 32
75 89 16
60 32 24
0 37 8
60 52 17
7 20 28
56 16 58
20 61 13
33 32 39
95 94 64
20 28 77
52 3 18
21 63 51
97 16 88
5 76 92
22 36 13
2 92 29
13 64 42
26 49 27
18 45 21
82 65 50
59 69 53
78 42 69
81 39 85
21 97 13
13 71 49
26 74 93
8 87 57
2 13 7
29 31 4
51 66 21
1 77 42
6 55 85
75 88 76
12 9 73
26 75 97
27 1 71
73 61 10
30 16 75
89 45 7
45 48 25
18 49 2
61 8 10
98 35 98
26 48 60
0 26 35
97 53 88
20 26 2
30 9 18
5 50 63
64 96 12
41 14 13
44 75 73
54 25 9
4 52 57
64 4 83
99 53 88
40 73 15
42 55 24
60 12 74
75 29 22
87 70 37
53 14 64
26 20 42
35 25 94
44 89 50
27 41 3
16 81 28
83 23 83
59 83 95
85 58 24
8 98 95
97 3 61
13 81 82
55 17 7
1 61 48
51 41 89
54 57 70
82 92 45
17 51 80
13 36 91
89 44 41
36 93 44
50 7 25
32 14 94
91 16 56
39 67 49
29 74 58
51 56 50
97 74 1
29 39 37
20 80 34
61 69 79
5 19 86
83 51 53
77 94 69
85 33 88
34 14 62
92 66 19
42 15 45
95 44 36
85 65 16
19 78 85
98 36 4
37 19 7
90 48 1
11 34 87
99 20 1
62 65 19
33 59 34
30 55 31
66 40 48
34 11 26
20 61 14
76 50 33
36 92 34
37 3 20
76 3 92
78 17 57
97 2 17
84 84 24
67 2 16
15 36 27
93 8 40
8 37 91
93 73 83
27 62 87
99 39 42
92 69 11
49 18 65
18 2 49
94 21 3
10 36 39
89 82 0
30 90 37
21 83 62
56 63 24
43 62 15
37 54 84
0 56 3
65 26 57
66 21 79
69 31 67
61 21 49
13 3 39
50 24 75
12 32 90
88 76 4
4 65 11
88 66 67
43 31 93
1 50 66
32 71 98
99 84 71
49 97 26
40 99 2
15 63 34
57 52 10
62 8 76
73 96 94
92 92 77
85 45 27
52 77 99
2 76 35
25 77 33
51 18 32
53 33 96
87 91 0
50 5 8
78 78 56
72 70 48
49 7 45
77 11 22
28 13 51
63 90 28
48 41 46
33 94 32
81 34 75
81 84 80
41 62 58
97 34 80
98 83 87
43 12 99
18 92 64
69 56 55
49 56 96
96 89 43
80 70 29
55 51 13
35 44 75
45 94 61
25 92 96
12 87 9
63 57 53
28 26 61
83 76 18
31 24 7
26 4 78
55 11 81
20 98 26
47 43 20
8 68 64
57 32 3
66 96 61
71 24 39
33 59 67
51 42 91
10 69 47
40 76 10
22 97 8
0 44 51
72 5 71
88 62 4
91 80 52
52 51 76
92 84 87
59 87 29
3 98 98
2 38 27
13 12 24
21 12 20
25 36 25
96 24 87
52 16 19
4 20 71
32 64 7
71 76 95
1 31 45
51 33 83
78 98 96
54 20 60
75 97 97
0 45 21
40 98 89
59 54 10
82 39 26
42 10 2
37 63 33
82 15 67
17 45 65
65 0 37
26 75 34
75 27 32
48 19 30
90 31 36
0 65 75
78 7 38
81 44 1
66 78 16
85 48 14
3 13 14
40 39 41
27 66 20
59 15 40
41 5 71
77 57 36
5 35 96
43 68 40
44 35 71
13 20 19
27 23 32
93 16 24
34 95 90
54 6 57
46 99 14
69 76 71
6 33 59
2 76 27
94 73 14
17 38 87
36 17 62
21 10 78
97 96 25
87 2 31
97 49 30
11 18 59
35 76 92
94 30 21
73 77 46
40 94 36
27 83 53
89 56 15
20 53 63
45 92 65
29 89 66
59 53 37
70 88 65
15 82 96
36 7 25
34 47 71
22 26 54
75 16 62
42 36 15
57 33 60
74 62 49
41 74 54
78 44 42
95 59 76
91 47 84
16 33 83
40 55 10
94 82 26
9 24 14
24 33 47
84 8 62
86 49 36
40 79 32
35 74 92
11 18 91
47 86 25
31 26 80
41 73 15
19 82 91
33 58 25
32 95 33
94 33 82
82 25 13
15 60 39
59 72 57
50 71 44
75 2 22
8 43 95