9594 9713 437
7113 5228 230
4443 3058 168
8711 9585 438
8151 7041 29
8860 3240 88
7088 336 50
7162 6551 109
3735 3345 342
9299 3249 178
5855 2843 243
292 6308 472
1374 751 30
9042 5814 467
3332 3966 360
5713 9178 100
6802 2618 437
4704 9780 488
4313 9868 185
6656 5519 434
686 1374 130
782 8018 438
6106 5744 42
8136 1138 356
2455 4470 174
3815 184 353
8416 3338 323
9705 8042 104
1193 8708 472
8730 5364 343
9516 2402 70
3146 9536 440
3085 5642 185
6479 130 323
9335 2585 146
8862 2753 182
7567 1169 20
8890 874 414
9994 8419 122
7318 7149 338
162 3017 241
732 6164 277
5672 5601 272
2709 2080 402
885 7767 488
3531 6629 241
9065 4196 262
1585 9439 488
8499 9433 259
474 3104 260
7812 9618 277
7553 6702 441
3183 8726 394
807 1436 326
2209 2321 94
2549 2204 75
5642 1269 124
9904 9206 63
7744 4057 348
4003 4531 452
3763 2344 70
6541 6249 124
1834 5784 351
9081 6591 287
8407 5153 460
1853 7702 164
1929 3345 285
8905 3249 343
5320 7346 400
1168 1349 284
6473 1465 128
1395 8006 229
3020 6192 366
3371 5273 457
1510 33 110
1970 1886 165
986 167 10
1271 9072 111
3466 744 457
3366 1913 159
502 4738 124
9982 2485 482
5712 5505 174
9930 5228 300
4387 6738 333
350 5060 219
367 6046 387
7377 3669 311
340 7135 56
4298 6854 321
5957 7356 59
5433 7339 44
2915 9403 402
6589 9333 482
8241 72 221
3574 6774 133
7146 7141 180
4533 870 201
3696 1211 337
7252 1861 43
5425 4170 251
1984 9603 442
7381 2518 345
4635 5459 30
7117 3701 455
2690 3627 81
3324 773 223
4 1658 445
6705 5355 156
6894 8959 369
3937 4385 39
4689 2721 142
5483 6454 12
9329 7441 472
5211 4559 25
7518 7249 152
6600 6925 278
9175 3281 436
2620 9987 143
3629 3233 455
6498 3523 192
9890 4564 413
6532 47 220
8397 5728 161
9369 7292 72
6746 4810 174
1398 1410 99
3176 6937 381
2965 9558 220
4460 9539 453
4915 2389 328
6107 2279 392
6373 5164 440
3093 3561 20
3606 2930 312
8679 9676 123
7353 7426 385
9304 6955 323
8185 6272 233
3405 732 272
8211 5648 161
6539 8107 441
9432 4480 105
8724 3925 166
96 7532 448
2409 2563 476
5884 6268 254
769 5572 209
2592 110 481
6677 3515 66
3949 8078 214
3611 4618 321
1904 402 154
5361 5478 79
2379 5574 463
2327 4335 378
4655 219 146
4409 7341 71
1119 9933 181
452 2963 48
518 6912 127
2584 6875 245
2758 5131 499
7412 492 477
2343 2871 403
4807 1550 239
2537 2557 310
184 6967 151
6107 4438 437
2140 4890 400
1688 1761 312
9315 4345 40
7912 7103 171
3263 867 164
4092 3211 387
496 8018 290
7587 555 347
1249 7091 314
5901 9550 252
6838 1690 495
738 9731 108
7902 9046 453
1942 3311 409
7466 2926 276
3482 7019 339
2369 3867 357
5511 1454 265
4859 2703 208
7525 4956 111
4630 1794 301
2977 8884 32
3085 3139 431
3890 1433 94
1799 8899 20
6928 2381 39
5267 1103 258
7977 6614 64
7594 7825 120
654 1703 76
3265 2685 223
3919 5662 459
7951 5099 98
3734 8989 384
2828 7141 283
1201 4069 17
6592 5688 472
5851 17 438
2915 7611 116
9035 4618 319
112 7883 356
9335 8154 18
3794 2458 117
7745 6192 458
3129 5373 99
3764 2926 20
3133 9518 61
3605 5369 78
7044 8285 42
4660 7320 160
331 3784 395
8687 3119 50
2705 3266 8
8174 7363 52
8984 6844 277
584 608 203
8956 94 222
3017 3699 91
7096 743 228
1490 1755 49
4150 2086 185
7397 773 157
8799 9830 275
2659 4356 138
2712 3341 482
4489 277 442
9193 9233 36
3415 2251 236
9358 5699 331
3587 7189 439
1488 7691 25
3173 1440 151
4330 240 333
5105 2899 190
9595 1963 383
4577 6453 160
2872 1998 245
4908 1765 348
6996 1123 399
6180 1062 88
7119 2550 131
6496 2076 72
2999 2758 164
9333 4216 415
23 3811 379
6758 4741 184
7418 7613 182
15 8873 447
4864 2222 70
1763 4754 485
2204 8225 35
6687 1073 463
2611 4073 222
8775 3406 438
4191 9781 101
7922 6539 342
8106 309 307
288 324 33
587 1540 107
2009 3304 213
4494 1860 438
5882 8547 11
9345 1159 436
5567 6286 194
2357 6829 475
2959 4751 366
4653 2857 175
3961 9497 352
4846 84 392
4305 8446 48
8518 2940 408
956 8822 308
819 4520 467
1108 6439 105
4802 8797 435
4630 8108 186
996 2761 396
4024 3074 245
3728 4272 182
8620 8577 128
9521 7095 68
2281 4403 243
3589 1575 263
2408 2683 202
7514 7485 351
9449 2115 459
2487 9464 73
4735 3488 147
6481 7216 272
4663 2188 349
7643 1709 445
3563 343 348
8306 3932 275
3921 2693 458
5976 207 444
3179 6008 411
8491 4847 375
6564 9583 215
4063 2416 283
5835 7079 472
6185 1074 33
9982 4637 376
8182 2944 161
7958 3217 354
416 5545 413
6712 8725 421
5124 7216 120
2999 132 203
7067 4195 119
8350 31 50
1822 2568 124
9708 2550 262
1584 732 58
97 8690 127
4951 5459 25
6364 2171 250
137 7295 318
8758 6647 302
3313 3714 497
285 2064 380
687 239 448
5812 9947 498
1926 7883 83
7336 7981 125
2315 2932 84
2840 5649 256
8442 2138 403
7612 896 50
6914 562 116
6764 847 181
6644 1534 272
5445 3698 219
6795 1976 102
8878 5664 435
2356 7980 220
4940 7172 369
6048 1967 7
804 9579 256
5854 2846 318
7323 9610 165
4504 2606 51
8276 8051 250
8347 4847 226
6301 77 391
2237 2433 223
3809 3726 395
4678 6126 362
4037 6930 294
645 9137 140
7815 6460 102
5832 7316 208
5384 1944 112
8634 291 311
212 6592 388
7455 5181 174
2678 8990 252
5074 20 230
5788 410 161
6082 7407 298
5574 5223 258
4676 1055 426
6385 6439 370
8849 1425 161
6160 7990 105
9900 5445 139
6074 8124 481
8678 9550 354
7409 1690 264
3070 7773 23
4220 3347 246
1830 4376 154
6756 7113 445
3626 5962 223
7139 2122 213
3596 2022 158
5235 4449 134
8569 3127 184
1923 536 375
2039 9958 0
9562 530 199
8661 2360 75
8815 5468 188
8112 5446 150
8835 8937 272
7548 2534 147
1707 4121 96
341 2690 75
4878 965 112
1105 3004 422
5105 8919 305
8804 7580 165
6880 2747 486
8420 7211 432
9571 6047 370
9195 9947 256
842 1654 377
3290 8348 420
8866 9578 385
1330 683 242
3752 2140 161
3057 944 93
1075 4176 192
913 2597 255
6197 8520 302
419 4067 250
7175 4910 256
4405 4552 456
4325 3418 34
1562 4748 69
1804 4853 209
7317 4262 6
6762 1689 182
5306 2602 131
1062 8800 3
9216 9219 71
966 2747 333
7075 7152 385
7883 1477 304
1918 9391 52
9339 7548 257
2549 4865 20
3055 7980 209
4089 3286 312
4073 4348 464
2576 9917 35
1499 7235 282
5332 4310 434
3718 2194 263
1874 464 7
4778 6155 55
2536 8704 420
4556 8111 252
8265 8553 39
929 2626 239
2393 1554 156
5781 3054 392
5563 8386 54
8850 8456 100
9965 330 416
472 5109 72
8527 7645 276
7800 8553 240
5052 6818 293
1943 4100 271
9535 6493 325
691 2274 379
5435 4190 118
842 3040 74
8442 3005 257
2859 9830 218
3431 8357 215
9059 6157 268
2799 7562 438
1444 9505 38
2715 9040 384
1893 6084 10
7772 7871 52
4742 8713 92
169 7156 450
5926 6367 280
9496 9798 489
711 5209 499
6831 4361 61
6121 5805 418
3160 4873 311
9396 6766 247
4258 890 118
3311 1985 332
5403 2154 340
3205 4432 207
837 3928 357
6827 991 66
5326 7822 427
7739 3943 85
9657 3455 458
3320 9203 76
3067 3462 318
686 6773 303
3370 8528 309
9562 1734 241
5769 2571 21
4478 5750 12
2044 1076 186
3972 5167 482
4409 4825 437
3367 4497 141
1795 7565 103
7465 4603 228
8769 4325 256
4930 3887 342
9172 6008 266
45 486 16
5558 2530 445
5244 2854 112
5226 7263 289
5016 6982 287
4009 5129 204
6464 2595 159
5692 1364 484
3448 2646 223
5643 1818 231
409 1864 217
7277 3774 99
5222 5370 454
8335 597 69
8976 1965 404
4115 5974 33
6819 2438 128
478 8130 344
4814 7930 491
3037 9925 161
7268 334 377
8337 7612 151
1937 9186 22
4743 3873 471
1164 2850 436
4568 6965 262
3102 137 200
4230 615 182
3075 1782 464
918 4819 390
579 8440 76
8457 6777 188
6460 8714 375
9834 9809 248
157 974 450
2445 5542 416
707 4996 53
7759 5579 20
2941 8654 302
2406 5924 474
8148 6503 414
4224 1312 191
4265 4125 258
7140 3959 419
240 4117 393
6191 6562 288
5459 3622 136
4864 1381 215
1236 675 221
9391 9433 145
2365 7581 1
131 1805 313
8322 6070 438
7932 9562 250
7352 6155 219
4097 8698 133
2737 4157 255
6374 5373 489
1941 6609 164
6163 6000 97
2660 4717 178
5661 4848 335
6327 9523 258
1117 7455 172
6219 1159 327
5438 1609 25
7572 698 34
9679 3424 407
3168 5366 17
3684 7881 17
7281 6893 87
4811 8907 435
499 5234 458
2257 2703 266
6281 8923 425
109 713 386
8986 4637 85
2021 4317 9
428 3837 227
5445 7522 108
2815 1155 2
4902 5967 409
8189 2818 495
4648 1427 50
4914 7708 473
2691 7817 39
8430 6804 176
8515 8825 345
2024 5605 183
3604 1051 57
6712 218 212
3066 1472 31
1975 9661 349
8822 661 276
8373 5575 485
3198 4619 154
8737 3049 310
8914 7916 487
9759 6292 93
794 9896 496
5703 6609 214
5416 6027 38
3799 4355 199
5001 3177 361
7629 7902 288
1614 1101 259
6121 6190 160
3783 5104 76
271 1216 369
8716 8362 265
8212 4066 226
4278 5834 254
8168 9633 109
5367 986 138
9580 8616 41
5721 6582 494
6480 2703 184
6641 2839 141
1069 3110 357
5438 8178 71
6056 6390 489
3282 7020 323
2888 5188 309
497 6907 295
3988 2840 411
9029 8561 494
7875 1393 49
6559 4386 388
6700 5456 350
4409 894 28
481 6950 270
3322 6585 142
5646 9473 330
3955 6323 90
9602 6663 430
7514 2044 491
8360 9919 236
8261 6478 123
4650 3179 79
6852 3940 325
881 773 128
4003 4096 213
4146 9742 38
5828 49 213
4418 6003 376
5848 9869 420
2191 8229 191
6280 6491 170
8403 7493 201
5982 4345 493
7159 1578 267
5287 5582 363
6352 9728 457
3243 5556 358
6456 6327 361
2685 8527 231
957 7071 460
9149 3351 303
171 1754 296
4372 4088 494
8865 1247 72
4132 2887 154
9847 9239 234
5304 2482 143
7162 5291 470
1376 7976 349
9107 8933 420
1419 4434 123
223 4605 229
2871 8977 317
6217 4195 417
4790 4679 304
5296 879 395
5531 2535 230
4026 6050 373
8848 7426 349
2197 6533 134
8970 7952 69
5445 4527 26
3675 3751 356
5992 9968 51
2261 1110 82
1417 6407 461
9813 8290 497
3395 2316 47
2268 7516 473
5469 9713 358
7603 5035 162
524 481 42
4403 4156 293
7259 6500 113
662 8762 76
8744 179 483
4058 6344 125
5555 6091 293
9454 8359 309
779 3828 374
8637 7784 410
7151 4660 243
193 9063 251
3338 6322 251
2804 6984 365
3380 2081 397
6715 6139 93
4692 8046 185
4985 7500 44
2794 4631 225
3020 9620 9
1930 6771 169
4025 3317 85
276 3007 407
3028 5811 244
7245 5543 325
1642 2258 316
8736 6950 362
8273 8287 214
9817 7433 345
1542 454 465
7403 8736 88
7925 2762 405
7510 9390 265
3417 2418 76
9013 6016 472
6690 7658 230
506 2746 33
8720 1019 172
4434 7189 106
4779 5083 60
1096 2487 148
4185 412 410
6942 7922 301
2707 7691 71
636 3057 87
4108 9747 98
6190 6606 196
5223 5326 68
8896 9761 257
6354 892 340
7914 1989 179
4562 2526 91
325 5820 365
5478 8528 409
9401 9164 318
2989 9624 65
6939 5814 23
9987 1038 350
4055 6286 463
5312 2640 355
8005 6906 196
3184 7820 74
5128 8145 395
1345 9975 423
1606 9377 439
4924 8718 63
7990 5657 377
365 5644 267
1715 6052 405
9178 7716 397
3886 5721 303
582 5258 476
6157 386 473
3904 8083 449
179 9690 326
1970 4614 44
7033 8956 53
4262 9322 49
8882 7389 101
6139 6568 318
6037 454 391
9192 7388 149
168 9897 387
5642 3801 323
1091 332 13
2269 2302 479
2165 5687 288
7718 6302 462
1619 5184 351
1573 1323 271
9243 3712 77
2634 2905 318
7636 9425 215
9375 5067 369
9198 2510 201
5063 1131 4
1895 3296 43
4035 7366 345
5497 5338 29
700 6911 205
8824 2506 269
7401 5140 26
9719 9128 452
8287 4856 371
656 406 234
9709 5470 365
1065 3717 162
8109 7752 380
1454 9601 218
6336 301 481
8893 9125 487
5162 2879 480
689 8950 108
1993 7237 316
8364 4245 223
3598 307 45
9964 1372 262
5978 5833 14
5710 3640 467
4429 9976 268
6410 5221 246
7250 383 477
3230 7424 427
4690 9417 17
1007 7782 262
7730 7732 421
2627 7696 146
4889 26 479
1255 5737 471
7222 6518 299
9842 9280 20
7940 6530 256
8917 9760 180
5197 803 450
8714 1810 232
2828 5892 316
7250 8519 365
5748 9760 391
3727 1015 480
8051 4589 498
2350 4431 131
1871 8724 161
8127 7641 274
8159 9190 77
7609 7904 239
1193 7085 483
2510 687 354
7875 6435 466
9618 6514 481
7099 4565 422
7449 6916 205
7080 8787 429
9594 3266 423
8220 1425 113
1297 9035 370
8888 6580 455
8723 9090 142
3429 3317 77
7895 2936 443
3376 6387 9
6150 188 425
3355 3621 64
9285 3215 182
9208 1435 107
4673 9084 494
8043 4324 427
4850 3047 17
2344 6476 335
9921 723 123
6717 451 362
1726 6601 50
3651 9956 171
7067 5593 238
3749 1153 25
8208 5827 461
8055 222 285
4482 5073 184
9999 7417 12
5186 3691 235
9661 408 186
523 2134 139
7926 2137 96
8949 5556 41
3188 9305 195
1565 7513 22
9027 1920 244
7164 6402 169
4701 2754 87
5065 7940 278
6153 3954 186
7691 4477 172
5831 8755 161
279 7705 217
320 893 22
1515 8810 387
4889 4189 308
2134 7706 210
803 8759 316
3242 3824 257
3020 6329 63
9558 4021 40
4582 9852 296
1743 6483 353
4460 6803 246
2834 8319 408
5074 9560 98
2882 1694 156
3444 8850 415
6761 2092 91
4370 1465 421
5933 7375 442
8325 1958 146
9473 53 129
8326 4514 284
4424 3700 455
9333 8774 16
4783 1656 62
4291 1453 412
6206 4566 357
8297 5288 174
6718 1221 401
5512 5898 359
510 5372 413
5639 50 279
276 4475 479
3231 160 254
5747 1295 262
2662 5586 67
8426 8144 133
6283 6441 421
8309 9512 494
7711 5024 393
5422 1887 117
3187 3878 19
1818 4154 346
7798 7386 358
8904 9485 153
8018 8499 91
8586 6926 87
71 9561 29
6845 7871 393
1191 1934 269
1436 7356 156
7053 6896 35
5425 8714 189
8271 6512 427
7630 1768 265
8283 6139 264
7227 1077 190
4314 1148 104
4195 4345 475
9940 5537 409
710 6973 117
9718 379 13
2605 5804 228
3295 4075 92
4074 1705 213
691 6341 352
5808 9920 281
7850 586 281
9454 4782 127
5281 1074 164
3042 1784 489
8160 7855 368
6525 460 24
3605 107 100
3550 534 157
1615 1225 498
5819 3385 270
1100 1236 357
3881 7042 139
1008 2324 213
24 5366 350
6014 3526 57
8734 6404 17
7259 6361 477
6211 9911 11
6868 1526 88
219 7345 474
3489 8445 210
7346 2327 252
2337 9687 428
8403 9712 295
6253 2078 173
4662 7164 77
7179 775 439
6156 6986 202
2019 207 81
9108 426 278
9582 3915 224
7644 7614 403
2748 9951 442
177 8354 6
2972 959 436
5645 5621 101
1075 9153 376
2866 5309 215
920 7329 422
501 6437 200
3780 2371 115
1856 15 229
8611 2763 33
5053 9292 387
3912 2264 347
4848 4262 468
9301 1689 121
4530 4555 283
6745 1827 464
5519 2329 253
4719 2461 124
4186 669 491
1268 9280 106
8301 685 399
3688 4597 15
35 5798 129
8356 5099 318
5829 9629 225
8612 2726 53
1428 8245 234
681 9316 195
8657 3503 364
3000 4771 496
107 3072 181
2858 3112 131
7873 9500 429
3503 7856 28
7173 3685 10
5399 8650 236
1804 6430 334
538 3464 150
8085 2121 5
6301 5122 128
3797 1581 200
8330 4439 165
7461 8664 165
8742 8519 21
5123 5693 58
7485 7444 60
6221 9248 491
5907 6138 455
4910 575 428
7415 6876 402
1044 7025 483
4096 5355 274
261 9169 439
5926 4263 458
5799 9386 3
9358 6871 299
4270 9445 399
9261 1704 37
4068 6614 464
997 382 340
9399 7778 217
5735 8226 425
2861 4840 94
2300 7118 357
6611 2918 96
2966 8628 319
6766 2898 264
6165 8512 469
8055 2580 435
519 9929 317
6212 5681 447
8929 7768 174
3354 629 14
3300 2930 132
7510 5893 402
7458 5211 30
4277 1977 281
6894 4495 145
1215 2550 225
2150 9421 7
9820 5633 188
1619 915 456
5293 621 85
159 274 367
2144 7784 112
7046 5242 324
6929 9519 153
6062 2765 148
3707 3980 50
284 6131 472
3143 2303 457
5331 3922 224
1639 5568 346
8577 5727 120
4796 4223 404
6909 1270 498
585 4551 369
6238 6965 135
2739 7024 115
1789 3660 98
6613 6804 401
7071 8487 176
4795 127 244
9493 5056 323
8113 9852 47
869 3113 169
5219 3698 72
9089 6289 37
5724 9028 61
2691 7169 221
5790 3783 25
7543 854 365
9571 2001 492
815 1495 400
4139 5960 252
8038 6830 366
3207 2049 416
9279 7490 57
2316 9566 437
8729 2258 107
8802 4400 242
5680 8295 448
1045 7867 449
2889 5034 296
9789 9173 257
6541 7211 87
2759 6770 488
9028 6049 479
1585 4717 45
9523 9798 155
982 8601 407
6224 4281 203
8672 5326 70
3121 4567 104
5418 4356 130
3675 7249 193
5114 9 464
4954 9037 365
5933 6974 435
2831 6497 233
8338 7479 334
8246 55 467
6449 8727 145
8871 8201 212
6327 9971 68
2957 9998 318
9503 5112 179
2819 6418 216
8536 8704 190
8971 1535 40
9205 6225 371
4391 4471 427
3859 7272 6
5004 6143 207
717 8823 178
7137 8132 28
4455 7635 492
8134 6806 411
7202 5343 115
3245 4314 2
5785 9871 227
8508 4263 51
4935 8122 323
2794 9478 319
2501 195 142
8532 3685 274
912 8140 262
8405 2627 68
2316 6181 263
4931 9426 78
5433 1563 449
2160 72 64
9711 1359 38
887 505 17
8206 9359 64
700 4243 249
1326 5155 242
5940 3560 221
1009 5876 402
7772 807 181
5202 2592 96
2504 4753 20
4068 816 232
107 1703 237
1976 6261 96
4040 6961 339
9790 4640 495
6384 580 407
5605 7941 284
7359 2066 443
8540 7268 36
7637 6124 141
3157 193 309
6389 6652 365
6479 4980 126
9575 9020 440
3267 5162 432
2114 1546 12
4521 3503 454
9157 863 20
953 9403 140
8989 3392 265
4482 2902 310
791 5643 314
5156 2122 294
2135 1698 314
2427 4965 329
7359 3431 375
2871 7952 231
2677 3462 94
8197 4415 349
3690 3404 94
8955 4238 496
7117 1381 139
1931 2890 262
1725 5025 312
6891 3804 129
7220 1163 60
5448 4034 12
7179 3064 474
9773 7613 389
4474 1303 145
2568 258 235
3564 7375 117
6556 5658 359
5318 7383 236
2130 4275 40
259 7847 203
8171 3295 89
7683 474 153
7010 6599 267
751 1074 422
4249 3642 181
1984 3559 408
7453 115 67
5812 5433 302
1900 3915 429
5440 526 277
6495 8697 72
1585 2732 399
6090 6094 498
8209 3198 72
1632 7447 67
1665 5783 126
9073 9589 241
8492 1753 26
5295 3654 441
2724 9094 319
8001 5590 16
2926 3527 100
8325 9617 195
323 4179 393
9748 5811 192
2815 7476 475
9441 2901 64
2534 7746 170
1060 9393 324
3501 2117 418
2820 6471 360
7188 5749 387
4288 4074 357
3835 749 36
6580 6849 199
6772 9664 175
9100 5457 428
1016 4343 174
4686 5403 67
2010 5256 37
4781 4428 360
3141 1616 109
1381 2257 35
9238 2444 136
7626 9025 486
1825 5797 2
9852 4897 312
7132 5914 155
5807 6952 59
226 8963 167
3115 96 96
2475 9589 64
3936 970 321
5823 6560 266
8460 538 143
7946 2363 440
9800 8567 190
7112 5700 456
8768 7859 408
2179 4437 223
846 7553 319
3942 6380 409
5007 6669 231
4680 2492 292
6798 952 330
7941 5250 46
1234 5051 465
5776 8515 165
6232 7283 376
3640 5814 314
2716 6661 219
5535 6955 99
7944 8314 120
4028 2995 113
320 6145 65
3502 4087 168
5400 1673 71
5866 7449 86
8383 3681 222
5112 3673 36
6278 6389 49
4997 8277 357
6448 2573 171
4569 6601 18
5182 3273 164
3099 3128 103
2619 8528 276
7190 746 225
277 5482 258
6999 594 283
5887 3224 173
7789 8221 302
6646 1021 375
3817 1942 329
336 3476 102
9352 2928 230
2455 5547 111
7231 2738 357
5808 9367 191
8066 6366 137
6701 8605 361
1726 6394 434
5028 3040 456
7256 3210 250
6085 3546 227
4539 9250 155
9770 1705 202
9881 5288 292
7090 1096 159
9782 5514 377
9419 2215 335
8633 3942 229
6067 5322 122
4523 2578 332
1274 5015 230
7853 9555 480
7360 5677 37
2414 1910 325
207 9000 273
3718 5134 287
3596 906 354
8431 9539 148
6012 5606 471
2986 6482 401
3170 4108 269
6900 8313 324
6232 5673 1
7269 8087 263
9946 4646 263
3719 8365 250
3006 8313 8
7213 3096 47
1713 9108 5
1536 8447 339
3938 1617 447
7707 8518 260
7383 1102 285
2736 4724 373
9999 4670 371
2614 8390 236
6716 7748 401
1724 4961 497
2623 6675 458
9129 4563 405
8468 8501 22
8268 2560 392
28 6295 347
166 9031 71
2039 5382 93
4910 7997 483
2499 1065 232
4752 2790 45
3750 5413 72
4560 894 136
7465 9363 489
8339 7631 402
4084 4011 197
931 4177 81
8854 2568 463
1447 3831 312
2431 2682 378
7515 7434 20
3912 7536 433
3337 2096 328
973 5913 43
9814 4253 174
1216 4689 37
8914 1972 67
1995 826 487
6810 8625 318
5975 7408 352
6205 4923 287
9225 5188 323
7658 8525 272
3338 9498 185
8381 9312 290
7407 6881 479
6797 5795 303
364 4142 129
2851 7304 255
5522 3279 163
874 9484 439
13 5061 127
6689 2720 152
5461 2410 2
6498 792 166
1789 8199 47
8120 4996 194
6424 1712 188
1905 916 493
6012 6438 124
7528 3664 461
3967 3678 22
1946 367 94
8450 2180 5
804 8678 297
2470 467 348
7370 4940 197
4416 7716 261
5605 9621 177
450 5634 467
8574 3162 484
8887 3481 14
4262 5427 381
2356 229 413
9213 1033 91
6862 9855 411
2711 3577 203
6260 7994 419
1521 9951 40
4051 401 26
3018 5327 40
8354 4215 21
7368 8477 300
3101 7185 381
1014 6399 414
3958 3261 122
7369 2324 199
8424 8584 45
843 6458 496
9235 6861 249
3262 9879 77
6802 4586 144
176 1954 473
8976 5056 10
4358 6070 409
7124 28 23
6098 3749 199
2298 8525 136
9195 9368 94
6044 8604 455
3293 8218 186
2222 1372 272
5366 1548 79
9691 6877 135
1202 7587 57
5463 1063 438
9338 7162 39
5538 9460 65
6674 5007 433
620 1051 389
1427 4345 459
8465 6567 332
90 8286 232
3669 7977 109
2304 5531 48
3361 7347 112
7151 6685 274
4691 2223 86
756 5249 93
2541 2221 145
2931 3648 342
4242 2114 409
574 2204 47
4807 5873 377
2268 4529 408
7317 4242 107
3429 1394 293
6703 2437 368
5789 3193 470
9882 5734 191
1379 5017 340
7221 9260 454
5983 6186 10
3030 7345 235
4407 9614 116
7668 6931 358
8275 360 104
5568 3415 41
7789 9204 86
5259 5438 321
4950 6818 190
8290 4039 302
96 6374 341
458 9405 186
3045 164 300
161 7832 83
7872 6108 443
6976 8028 210
4870 2169 414
5956 7428 205
9129 8731 23
7320 3373 414
7474 9822 289
3815 280 46
7502 9678 210
802 9839 43
7386 7711 3
681 1040 383
3744 5910 405
9658 1866 333
3715 996 416
8238 4668 290
9505 8494 112
7146 2310 244
4192 6164 422
1402 3318 114
2797 7056 325
6652 4090 217
4888 7834 127
5293 7492 346
9478 7560 342
2395 5798 362
5037 1655 356
7501 8801 18
245 2993 182
9020 748 1
3986 3545 57
311 6550 147
4029 1438 481
8 3083 326
7854 2561 386
3048 1308 36
2910 6345 192
7619 3846 493
4637 444 339
4172 5816 87
673 9802 484
582 6465 34
8230 6846 324
63 6855 407
9389 4709 321
2627 4110 129
1664 7020 327
8708 991 25
4553 5629 469
3392 9801 137
2979 6826 439
2464 7408 257
4850 5638 103
8675 2054 310
1934 7795 372
7755 423 482
1237 8439 2
1064 3499 346
1089 8052 475
7911 1445 128
6900 776 454
5692 9592 214
949 4443 353
9404 9470 259
4715 7756 54
1087 5512 477
1569 3101 268
5423 4165 267
269 1606 320
7096 5869 117
76 9122 393
3530 4814 338
745 5763 133
9950 1519 103
1209 6234 359
263 3673 223
6093 1594 324
6713 7018 341
4481 3639 300
6653 7088 21
6622 7164 143
7367 695 309
7705 7792 424
8838 4094 444
5793 1655 30
505 8270 204
7080 4363 298
6757 7429 168
598 1910 160
8750 4915 248
9124 1537 412
8619 8904 459
2929 6610 103
9353 1800 197
3649 3946 352
4180 4451 123
8384 1531 338
534 8288 267
9703 5239 29
8863 341 444
1463 9465 333
4875 4437 238
5335 7366 200
9938 3071 352
4988 6721 298
1692 901 249
315 5637 133
6006 2523 273
9125 8578 12
4155 3793 206
451 5256 23
8285 6484 460
1375 1819 326
7427 8109 250
5279 9449 471
7078 1142 224
9679 7809 213
3812 3815 88
2586 2941 167
2950 3448 460
8 251 69
6532 4888 53
7492 6263 224
2171 42 333
6273 5322 135
744 8752 277
8820 8431 438
8885 8596 254
1473 7534 47
2640 6836 495
3953 6845 98
522 3377 487
3575 7221 102
4799 5744 145
484 2017 319
5619 9113 71
8248 4285 354
8687 3170 450
9293 996 484
2840 9988 173
6187 3941 18
9785 815 247
8272 4390 468
5727 5541 65
6872 6026 82
9691 7997 48
7614 2598 185
3968 1285 208
5271 6930 204
4107 9770 44
9780 2309 486
2298 8446 153
4545 3071 44
366 8798 437
8283 5670 463
8217 1713 313
7265 9327 411
6951 9647 48
6159 4918 478
2715 9026 100
9259 5158 261
6097 3809 207
3751 8354 278
2147 5072 428
6084 3355 98
2400 7925 163
6713 5190 342
3624 8493 490
4524 1004 260
2354 3719 138
9954 9331 297
6215 5428 106
7274 9179 312
5053 1326 237
7981 7411 444
2932 6163 369
5947 2876 412
8290 2852 257
6632 7376 262
9892 9730 481
4883 6036 312
5032 8603 93
2638 5877 272
1302 7282 451
1391 5264 214
4836 4548 377
2557 495 253
5469 5137 457
3227 1769 185
8341 8014 415
7174 2897 303
5339 4281 406
8932 6919 283
8056 4573 66
8507 5965 182
9073 7153 82
9450 6062 429
9055 7884 67
1512 7463 188
7697 5804 202
9964 2978 451
8267 8317 232
1525 3601 3
661 1658 429
7079 165 246
5113 9239 251
7695 5041 313
7124 4097 197
8043 1961 160
732 6011 316
7786 5975 295
4090 595 464
4674 8472 66
8530 5485 76
6959 2564 93
4057 7677 184
8308 1724 226
8621 5201 175
3171 3244 488
5183 328 499
3000 8115 327
147 8557 274
5611 3231 246
1029 1761 232
8105 5072 148
1699 9129 178
7235 3789 254
1461 8763 455
2488 1934 52
5477 3469 380
4476 6469 347
5803 6616 256
429 8580 488
3528 9609 101
5760 4067 174
3260 2118 155
8438 9353 445
1693 7167 60
6500 9655 494
4552 5132 463
9285 5961 285
8484 8116 401
6241 8546 333
3581 2074 295
2682 4186 362
3208 7446 332
2864 2237 37
2661 282 204
7573 6782 360
4419 7687 344
4734 6972 305
1519 1808 274
1273 8049 320
9606 1630 394
3901 665 432
8615 3873 230
5447 3089 467
4337 2102 249
4041 9675 384
9753 4094 71
6950 8829 395
3755 348 203
1381 1621 105
1201 7580 87
9447 7833 252
1879 6449 126
8110 8248 67
2929 2585 170
8031 2979 345
9915 2732 292
9486 9682 121
8733 9790 321
9788 1171 295
8893 8725 375
5981 8172 208
85 6404 9
1711 866 258
9131 3795 343
2301 8178 322
1498 8093 407
4790 3931 441
6911 2664 83
5733 2453 255
8880 7698 332
3255 31 4
1815 117 260
6825 8180 126
83 7311 274
2278 9612 304
7453 7463 398
5360 2253 181
9301 9165 346
5737 1250 151
6992 130 201
3324 9737 233
4180 1552 350
7793 4729 30
2271 4812 194
6897 3443 306
9702 896 269
600 2608 375
1781 8261 392
1979 3998 142
982 7342 124
7684 7018 213
4417 1199 117
7619 5344 347
9001 7615 11
7695 4513 454
2354 4215 202
4475 1167 310
8850 9300 424
8742 7632 422
6236 8614 117
212 2650 135
3925 3419 186
5543 1038 30
1890 40 498
5753 4087 11
6708 6441 78
1262 917 97
8425 9767 397
3849 4862 381
9623 1098 348
2740 7663 498
9228 1588 270
6914 3483 308
6297 1725 200
3295 7479 288
1158 539 229
3236 1801 498
2833 6578 118
8082 427 480
964 6403 430
5164 5495 93
5662 1075 34
5932 7990 17
3593 639 243
1293 3934 222
9433 1444 113
4015 4680 266
9513 3865 345
1131 8299 124
3963 5615 27
7894 779 375
5839 2794 450
5373 8726 292
8391 8671 283
9486 9965 217
8060 5750 13
7173 9765 193
4439 9279 410
4636 6762 210
5261 726 177
8640 4972 457
7515 811 251
3818 2537 329
8110 7280 1
9394 6766 318
963 1178 68
3977 8351 186
8022 9142 317
2285 3779 79
4847 9040 157
3024 7680 481
8333 1548 293
84 5366 182
3266 9828 462
8767 5574 80
6937 2890 258
4505 3219 461
4543 1241 103
3860 9878 234
6292 4725 274
5801 4102 307
283 2435 207
5576 8872 73
6110 8490 401
7572 7257 328
2152 4194 218
7910 5051 437
8371 5947 30
4326 9807 409
4061 2451 486
9187 8253 440
8346 8536 376
9053 464 100
1478 6574 90
7380 4146 199
5208 2650 245
2278 6912 148
6215 1635 95
7745 5961 403
5506 6374 354
7993 1914 459
933 260 495
2661 5666 459
9613 7144 33
5055 876 31
7754 2436 33
7351 4714 445
2000 929 432
2595 8675 394
9350 4181 120
8557 8526 34
6016 9460 147
2012 8473 313
4823 8087 457
4209 3142 186
7740 7249 122
6626 4600 337
6071 6600 266
9856 5548 293
9602 1250 327
5722 9807 205
109 2176 17
4756 540 491
1421 5363 430
5230 9572 72
9916 3665 173
7039 291 274
8876 2714 226
7994 2570 126
2140 2172 377
6819 4247 36
24 4356 64
9042 5464 104
2885 6885 320
4815 8467 392
6239 8384 409
4913 1775 52
4539 651 267
7117 4997 189
5244 3489 362
973 308 461
2861 333 317
6926 5727 133
1530 8612 370
7850 9779 337
95 6018 221
2356 7283 496
4909 8174 499
176 5292 349
717 6888 338
3431 4213 499
392 7074 184
8061 4000 411
1194 1883 375
7564 6085 6
2402 2532 376
1975 4889 160
3324 9798 186
1675 6326 330
5024 7043 218
8215 6827 283
1714 7219 358
8250 5281 210
4161 2827 93
1388 392 31
8394 9146 63
7770 7473 304
782 7149 454
1969 8825 280
4799 201 176
870 4768 3
1153 2834 74
4863 1084 355
2574 1597 183
8519 2985 427
550 7731 425
1466 1854 398
7270 8988 400
9225 957 225
3857 2109 278
5533 9331 47
388 6836 381
2463 1700 466
6170 626 415
2705 9145 401
5984 9696 484
8409 1162 190
4660 4784 179
8060 4009 488
6637 7867 449
5415 9752 280
5314 6493 469
1696 8956 169
5514 5126 295
929 4184 440
5682 168 488
4519 8578 2
5209 9590 139
4888 4002 148
8229 639 367
3678 2406 472
4811 7721 465
2780 9417 273
2449 1283 251
9096 2212 435
4888 4247 104
6729 8766 34
6083 327 476
222 5216 478
4723 9797 469
7090 3475 375
1914 8286 96
3231 1066 365
3504 9867 148
1608 8963 213
7543 204 460
9999 6933 78
7385 3016 405
4361 3239 473
1691 7962 270
9660 1404 246
36 9671 384
4484 2902 303
8350 2759 170
3498 4367 486
7211 8262 190
1523 8262 475
4601 1999 491
4359 2713 82
9332 756 396
455 417 153
5053 6805 324
7937 1289 78
8240 9639 337
8411 9490 56
249 6701 319
5939 4577 433
4914 9178 432
3257 3537 497
1192 9222 254
3440 9677 171
7093 4730 328
6769 2667 469
9348 7260 461
1037 5671 451
7094 2272 4
1413 8211 81
6698 9477 112
7630 9086 149
3980 278 223
4734 3719 400
2257 7164 130
6585 3934 150
8554 9634 410
2867 671 433
318 4117 205
823 5530 268
2256 8580 245
2868 6211 183
3370 191 314
3093 1277 385
8846 3534 49
2976 6471 335
6126 1377 469
2888 4245 493
5321 4563 110
6378 1738 493
5646 347 73
743 9567 136
4927 2937 179
2093 2383 456
2978 1229 342
7379 557 313
5715 3036 191
36 5924 288
1381 7598 351
6844 3976 442
7837 9623 289
3762 366 356
2251 1645 146
930 3738 381
7239 3068 462
7081 448 19
9747 2515 407
3790 2551 332
2078 3933 282
1281 777 258
2223 4966 233
9864 5080 100
7073 7331 97
3571 4614 188
2452 1853 256
5266 5286 204
2285 1385 219
8693 5175 123
7377 7253 408
3659 8535 37
269 7110 355
6503 3327 435
9455 400 267
4052 3971 233
8740 2775 438
2849 8041 224
1053 6678 462
8125 1723 137
7748 5452 243
7656 9111 130
1045 9381 92
9400 2236 419
2835 1691 319
9954 5743 142
8039 836 417
7977 3685 310
9554 1090 489
2516 9215 64
7005 3315 17
8748 7323 480
1730 8368 213
1823 7768 449
5242 6956 140
5414 3262 236
9556 1302 72
2826 5631 109
4136 5185 199
8477 7701 267
894 1059 82
2411 9807 406
9391 7890 126
8457 9713 247
3406 1307 203
6399 6721 317
5135 6278 471
1059 5456 103
668 5944 288
7719 4422 342
3986 1668 401
9921 4079 60
6827 9822 450
8453 8279 15
4200 8038 323
3255 4437 44
1925 9572 174
1896 6983 130
3851 4003 75
992 1722 349
2186 2061 17
4439 1982 448
6499 5161 270
2802 9966 402
8817 519 440
6140 126 229
6537 2051 153
3211 300 136
1694 503 139
6121 1495 213
1322 3681 126
1839 4472 108
9139 972 121
6261 126 440
1663 8943 459
1455 1436 437
5684 7973 489
2189 7536 141
9325 5582 144
6816 1703 492
2382 3025 25
8 1216 498
5969 355 322
7090 6617 448
882 8280 243
8841 6088 179
3279 8124 4
6120 314 393
5613 5991 475
5609 9160 179
7101 1542 56
4979 1550 273
977 3871 128
651 7314 245
4099 8196 378
2842 3390 318
9374 3021 442
230 9141 108
8623 1106 100
2599 6715 260
4630 169 302
9686 5148 204
5959 2477 76
8940 3128 390
8537 3579 86
2767 2773 328
3085 2147 349
7880 2378 342
2988 7353 448
440 6304 16
700 934 185
8854 6973 185
4911 9284 14
4839 8224 494
5729 3114 73
1167 5881 346
9996 5319 346
8197 3199 224
5540 2539 429
3988 2980 234
1856 32 168
9893 5239 493
3078 150 278
1444 4989 354
2938 7070 468
8011 4589 350
2210 937 169
8556 9135 220
3632 4675 259
6061 5015 239
1147 6872 272
816 3117 11
161 2548 13
2439 3992 354
5646 6931 276
5614 1294 217
7816 9856 155
8985 8412 142
6057 8396 169
9317 810 36
5556 1957 260
8180 9125 378
6043 9287 426
4056 8078 270
9762 3724 201
2538 9339 348
2608 3507 204
7263 8845 469
3757 4902 217
1278 4219 27
3814 9776 485
9575 4308 110
8453 352 397
6231 4408 328
8001 523 52
3055 9413 243
5755 2021 251
1959 5636 96
9280 9393 498
4998 671 218
1525 838 346
6362 413 154
3973 5218 358
7222 1449 267
8550 5802 142
9955 8857 55
698 4612 77
1301 2924 213
4397 8556 459
8748 3554 482
7318 1432 320
2016 7794 233
1022 1767 451
381 5342 252
500 244 55
1142 199 264
1197 7250 377
9626 8551 153
7340 9301 209
7151 4401 116
7633 1719 48
8954 87 342
687 1109 462
3991 1490 156
5095 1990 400
2002 3132 100
7767 682 350
4496 308 253
501 4000 406
8710 7503 307
6826 5137 378
2726 4091 465
6421 1130 75
1883 1473 65
5391 2921 408
2791 4923 392
6743 9042 74
7945 9890 235
7699 391 87
3105 5454 91
9265 8632 80
7143 1359 23
5109 7780 153
4184 6015 479
1101 1406 400
9 4197 323
8402 941 218
3828 8886 108
5915 2937 352
8355 6043 306
8298 5308 438
3378 8803 149
8901 3912 429
1906 4448 444
6385 1902 350
3785 1911 400
2461 6665 341
6531 6846 227
4139 9113 17
4843 7468 60
4649 5766 220
9440 5496 23
5589 749 288
9519 2656 88
5815 5393 490
7166 5531 402
9066 4344 419
8259 875 265
6338 1366 231
7355 6210 199
767 859 318
5839 6651 166
9715 2241 416
7503 8112 424
6091 3927 169
6582 7445 200
5336 2863 44
7107 1122 271
5725 3813 138
3456 1168 348
5007 1936 59
2325 7775 211
1492 7490 452
7760 1345 416
3036 3789 195
3705 6723 141
9906 8411 356
6802 5518 331
4574 7595 144
3712 1051 164
5412 6059 452
7971 4736 80
7182 2580 422
4986 6692 268
7254 9728 409
3450 3434 132
3443 3340 43
6299 6494 413
2982 1068 9
7126 1132 412
5143 2896 471
5095 868 60
9175 4402 492
7098 5741 185
2718 9347 413
2127 2797 347
8259 2592 39
9154 5244 34
5567 8226 102
5928 1705 87
7341 6848 483
1164 8295 203
9724 7471 458
3569 921 51
7754 3639 398
1667 5766 48
9015 377 140
2406 9531 384
5940 1450 463
6895 3731 168
8982 1072 368
317 2236 163
8873 8313 134
1831 1882 407
3234 9636 46
7632 7655 164
1180 3022 41
3673 5429 424
1409 1369 227
7372 8264 458
1392 3598 382
8612 268 118
7776 9141 283
762 7324 17
4670 558 5
8568 4542 161
8233 2075 35
4626 5748 464
6903 3509 334
6982 7234 450
792 4978 401
5674 3591 169
9144 1367 162
928 8481 486
7297 9503 396
3303 8072 438
3316 2657 13
6351 3635 113
4816 6890 475
1002 3872 209
1804 4664 187
6205 6690 278
7226 5835 497
7388 3115 479
4874 412 482
5622 67 406
4561 3383 63
1926 6087 51
1392 7255 441
4367 4609 166
4576 6413 330
9763 8971 373
4894 6197 208
1391 9938 175
2722 1164 87
3557 6787 7
8815 1348 242
6731 9626 329
8282 1018 436
6723 5385 45
5389 9961 311
5072 6077 134
1445 971 183
5 8714 121
1680 7789 286
119 7698 73
8626 6513 273
3221 3244 399
7550 1526 270
5487 4602 155
4384 6343 469
9695 7767 46
329 5564 369
9865 1921 435
2986 3601 76
7272 73 274
4697 5051 288
9822 8272 384
8222 2175 263
3992 4014 217
1499 8398 60
8968 4446 180
2514 1127 244
9735 992 166
2023 3979 119
2099 7603 192
9874 2301 244
514 8475 368
4398 6697 43
2513 7041 57
5230 4893 308
643 3861 254
3823 2728 381
2567 2463 374
9585 838 353
205 2938 308
897 2812 461
2993 9678 437
9714 428 486
2257 2942 28
5167 8172 273
6475 8815 134
2229 8990 362
5462 1558 178
3336 1143 16
1541 7700 306
7350 4950 470
1811 4295 148
4748 4009 429
7087 2619 371
115 7786 395
4388 613 63
8874 9194 53
6089 4656 463
2119 7993 459
8987 5886 159
8794 3236 109
7764 1400 405
2765 6148 414
8194 3235 33
2917 9702 171
5812 442 136
227 5669 330
7281 1758 339
8596 3877 332
1055 2864 218
1215 8010 307
6324 5775 207
5729 4892 207
5496 3086 295
1529 6003 349
8053 8167 144
5189 8395 313
7872 2028 423
5211 624 300
6895 1680 16
4465 2895 27
5272 9219 154
3831 1301 46
8539 6797 484
2834 4678 487
9535 9083 154
6679 625 401
9492 8497 429
6767 60 54
7919 6955 234
1936 7772 481
315 3045 52
821 3228 353
6219 1767 150
4703 953 181
5542 489 264
4548 3520 389
1950 9365 238
1379 6132 298
7785 4052 105
9519 2340 378
6852 2655 275
3405 9828 3
1258 6047 123
2261 7102 76
7942 2644 417
9058 3544 438
4448 1846 303
4686 3226 287
1337 1011 339
4942 6883 179
6320 3735 186
3447 3492 14
7451 4751 413
9574 3364 15
9002 7658 11
8920 6716 408
8710 7516 254
7865 8555 480
3152 9892 344
8844 4834 79
6875 7507 166
7562 954 159
4428 4757 262
7342 4331 126
3709 9686 284
9073 8606 352
7981 3668 369
8735 1533 424
9068 1037 316
6764 9881 2
7695 6757 361
8713 671 316
6872 5099 425
2486 8793 257
5112 2503 443
1748 7928 401
5101 5909 421
5970 996 454
1746 6416 343
7414 3180 77
7916 7227 186
2278 5941 357
3946 9165 308
371 1652 102
7480 6764 457
4275 8513 385
6028 9966 146
1449 5936 142
4755 4034 411
9099 1448 91
9676 9364 171
9714 7994 112
4071 8292 277
9879 5016 429
833 8848 46
642 9476 411
2027 5504 377
2025 3306 165
3020 8061 199
431 3512 499
7374 9540 363
1545 9254 210
8009 9677 354
7287 5909 370
4568 6742 71
4966 7385 47
3877 5764 51
9106 7790 357
6623 810 271
8174 7593 283
1173 4967 324
9889 6513 78
2951 4522 256
4305 8161 165
7028 9082 259
8599 4048 496
9646 4278 261
6197 9736 51
2407 6360 213
6678 4534 306
813 2060 125
8137 1949 490
1068 4900 13
3676 5557 26
2193 2585 108
3804 1184 9
2801 7182 287
7562 3380 375
6465 2139 235
2530 5169 122
6188 5982 182
4813 4120 483
6304 1540 235
8669 1568 292
5547 3761 230
5156 7565 266
1517 6718 449
2156 4280 181
2531 7097 320
9267 9627 489
3241 5815 323
9275 629 295
7258 3285 335
2845 1954 403
3989 7501 16
7719 9009 434
8986 6878 152
3787 9034 285
1968 1566 382
8640 7185 10
481 426 177
8304 6053 158
6600 9663 443
2787 2508 249
543 6497 103
2059 569 112
3845 5907 343
5998 9694 377
8783 1662 295
5017 6654 480
4527 7135 258
6205 5439 163
4863 2039 326
3159 4827 334
3408 1722 184
7511 3781 253
6976 3979 12
3319 9977 206
5048 5112 220
8344 129 374
5176 1009 361
8787 3566 300
8450 4781 192
7777 7940 371
5963 7701 93
6999 5212 226
2252 8540 205
6116 1859 182
3322 3260 146
4894 1604 128
3120 3132 137
8481 1919 55
5634 6722 336
4826 4499 129
5197 6814 330
7290 3814 394
5868 2418 435
2074 8535 146
4608 8209 406
2255 9456 362
6383 8928 495
7872 7410 266
2927 3044 488
2763 4222 487
6892 5771 154
5074 9413 468
8469 5281 238
404 7355 273
550 1964 335
309 571 291
1671 6954 219
2518 1178 481
5285 457 377
4773 3220 99
5113 6465 370
2267 7891 283
9587 6360 65
9325 6764 420
3951 3667 236
6786 3976 307
9077 1999 113
6648 4518 143
1630 9803 100
6007 928 173
4607 6041 490
5329 4660 381
9113 4247 242
4530 9925 6
7302 3876 25
2039 662 1
3698 6091 353
8664 2739 223
4807 4369 26
1408 6729 306
7581 7688 348
6571 3017 360
3452 8482 460
6694 3012 385
3053 6667 261
3078 5058 275
3432 5108 218
2137 3772 457
5360 8580 179
4738 6340 260
5044 273 448
7744 3196 317
5105 6648 300
3065 9695 164
7302 9100 331
5415 8530 241
542 8314 350
1760 451 122
2069 2163 54
3100 6901 394
860 8298 19
2660 2394 215
7478 3851 216
778 3268 263
9794 570 363
9126 5985 245
6219 2879 60
2069 4639 363
1692 3061 379
2598 6161 280
3493 7022 430
7364 6034 325
8080 3512 176
1796 4290 445
1559 4085 367
6774 9563 205
6871 5782 84
5283 4204 224
4147 5896 285
7878 4846 298
2158 4691 172
7441 2056 207
5118 136 219
6646 8284 362
5091 6195 299
6811 9321 214
4516 6192 348
5100 1476 52
6676 1975 300
1313 9853 147
2112 8363 338
2636 5804 394
2843 7274 382
6563 3921 166
925 5364 361
2076 2175 34
2790 6691 227
5638 8144 203
2691 1172 30
8343 2486 383
2490 950 246
7681 3586 403
8575 2782 29
2310 9345 450
7976 6622 315
6190 8698 490
3724 7840 34
3803 3478 30
9006 2521 202
2536 865 40
2271 9707 342
370 7388 281
625 2316 63
8154 4626 260
9605 2602 382
6420 5144 432
1762 5221 272
3796 9024 102
6678 4383 124
4381 3271 341
7273 5543 48
1116 5913 289
1249 2890 105
7812 1044 231
72 7001 185
5306 3421 330
5590 1536 403
3714 1684 427
5316 8363 310
5792 2744 82
3485 6369 477
4534 3837 242
9323 5086 132
2780 2898 28
4511 9322 30
5196 980 303
7378 2922 339
1133 6636 24
7561 8305 387
4723 449 483
5157 3935 352
1134 4821 190
9376 496 276
6860 3276 27
5389 4139 201
919 5687 34
6222 9418 456
9414 551 445
7938 4464 102
4825 9188 51
7160 4345 338
9512 1832 11
2054 7560 7
3331 4421 135
210 6162 126
2763 3433 314
6297 6007 232
9106 5421 135
4903 3359 100
9005 4536 140
9908 1696 485
4747 7561 169
7110 9615 230
9970 9298 3
6105 9508 17
9084 8624 450
1398 1273 457
9482 379 231
8117 5282 90
1217 639 479
9857 548 175
9195 1647 88
6716 8757 204
5446 8727 2
1301 1185 363
3318 269 487
8768 8019 260
6578 7501 492
9809 5618 126
2751 3188 266
6582 9397 314
2110 4944 313
5198 1661 422
7902 3459 150
6257 4761 187
4120 4431 308
6959 9552 179
4719 2482 180
5563 2291 150
1690 1394 190
8456 7977 88
2122 6439 384
7435 1637 45
7857 9540 5
3359 5797 118
6398 6269 401
6058 3228 453
3737 4299 435
5269 9863 78
2420 7905 325
5462 2713 154
1550 1187 93
8935 4974 230
4332 9183 122
3189 2543 271
3159 5293 392
7561 7704 120
7866 1441 272
654 3063 487
5732 5483 392
4909 945 457
2063 8848 144
2008 4135 118
3591 8467 301
1065 8009 196
4337 1168 342
6581 8729 46
5702 2948 339
1826 3602 402
7813 5686 237
1705 596 35
1014 9011 383
5158 1020 370
628 4611 189
8929 2028 198
2478 2717 367
1320 9299 448
7866 1353 248
2205 3179 350
5960 992 37
5197 9049 485
1732 63 348
3467 1573 368
9337 2201 331
6379 1130 212
5077 3608 429
1296 1280 228
2597 9146 81
6845 7704 260
1048 3664 252
937 5213 301
1422 6946 216
3622 6765 289
6843 2455 490
4674 8834 473
7238 263 433
6168 1560 214
4396 509 212
3978 7354 416
3090 4754 432
6843 5691 146
5996 3465 444
1565 7088 209
2354 3931 164
1697 4957 350
8522 2196 114
5307 8364 26
7021 2760 387
4234 3090 241
5502 6181 348
435 9376 39
581 5372 5
4025 3289 93
586 5644 24
9603 3693 333
7453 8567 29
1919 3874 393
4297 896 6
7184 1482 96
3778 6984 129
5126 7419 5
8517 4352 230
9022 8377 19
2967 5316 15
843 4919 60
3677 8724 127
5058 644 2
8452 1293 250
7310 4830 232
9258 4960 68
7388 86 488
4893 4955 192
4123 3978 422
2995 3297 238
7510 4141 157
2071 4170 381
5198 9228 377
8552 4032 23
2802 1342 353
8534 601 313
3955 4341 251
443 9234 206
3987 9710 36
5909 2705 186
3147 6567 179
1656 8638 349
8890 189 429
3119 8741 314
8642 7896 156
5347 2782 109
7012 6737 450
5115 3532 37
8174 7520 99
5210 3429 304
1896 2929 223
9075 4585 362
6776 9827 403
58 2947 496
7372 7941 392
2380 3289 175
7990 6653 412
4292 1769 445
6181 9943 317
7780 1505 246
2084 9754 27
9308 5181 465
1522 8310 292
277 8368 239
7773 5740 33
3166 8120 322
7693 2462 327
2605 6755 96
7402 2936 391
6071 717 397
8170 9153 151
3197 4813 184
9162 2687 494
1307 2964 362
6398 7090 102
9431 256 75
5753 4301 37
5081 3258 292
2529 661 81
9921 6732 150
8818 1254 155
3821 4452 469
4005 9966 8
2500 1273 473
9362 7672 63
8317 7103 171
5392 9209 472
4929 642 230
7574 3171 243
9507 9444 328
2157 4614 82
312 8435 34
9633 8793 353
1642 1293 126
2967 7007 150
1382 1676 254
53 7068 315
9377 8350 457
1959 5924 480
5203 1783 425
7883 3940 39
5465 604 327
3852 6590 120
2205 4584 265
8183 7551 272
1834 5285 301
8940 1690 369
5255 1067 219
2212 3026 495
5044 4581 278
7321 2464 70
7861 4282 27
9540 4486 469
3660 6691 53
1777 1226 456
6901 3060 241
3702 2000 431
7572 3607 498
6143 5819 376
6991 7216 310
9621 4537 274
6192 8750 408
6071 8290 394
2540 8302 437
3593 79 164
8549 6981 76
5142 683 77
7073 4607 184
71 751 356
8799 7742 424
2109 7363 461
4236 9907 212
644 2330 2
7891 1222 157
1828 4815 236
6992 9716 217
1569 1210 253
4498 8283 360
1034 4706 463
9742 3506 57
5666 1967 273
6128 6203 180
1692 3200 363
5546 1091 85
7703 9271 253
9940 6264 321
5509 4185 32
1762 8683 315
8975 6069 22
6938 5812 380
8996 1478 347
4769 3958 403
6801 5650 103
1164 1197 46
6750 8900 317
3503 5192 433
6324 702 118
356 8816 153
9024 7791 223
6046 1082 387
2926 78 365
8125 1199 176
9528 4352 326
483 1869 375
8881 8619 128
6551 8474 320
484 1150 22
4955 7859 339
8108 3235 482
3683 9281 64
5070 8559 494
4288 6684 45
7464 2565 398
2642 9400 267
5370 8282 238
6998 4833 64
3818 5317 66
1341 6624 277
4032 1085 12
4514 4768 145
2431 6191 204
425 6831 241
5971 4295 158
2221 3289 58
340 8659 340
3430 5657 25
1346 9476 195
412 7169 319
3690 7553 404
6554 8419 25
8700 850 216
5756 1276 47
5849 3599 194
8507 2172 335
566 2512 495
7258 2294 4
8784 3640 332
1979 4052 353
8150 4094 406
9055 7001 326
1080 5701 176
5648 7809 304
695 3659 255
2741 2166 427
8076 9084 291
8423 2695 437
4428 1479 77
2612 9810 482
7966 7960 428
872 3367 429
2198 4447 482
727 95 292
6883 7142 451
6639 6235 469
4918 4312 54
2062 9087 249
1499 3515 80
4577 2480 242
4411 446 202
8339 1318 70
9269 9869 369
8603 6948 317
9395 3831 311
3846 470 47
3168 1741 211
5222 3803 298
6323 5302 314
5255 6231 146
3997 642 92
7051 8982 262
3473 4603 131
4343 3206 431
8012 8954 263
8823 9152 85
5870 2320 326
3581 7542 481
380 217 284
7046 5472 367
6192 5821 10
2136 2873 344
9398 6346 299
2882 7041 357
3313 5053 311
3928 3877 316
5014 6099 136
4192 6033 31
7174 2765 248
5458 6163 73
2677 8707 394
539 843 119
7383 6593 466
1534 9475 359
5244 9141 413
7907 3069 142
9723 4435 241
3860 8628 126
1891 5802 391
6491 7612 54
2916 289 261
8811 829 456
282 4564 50
8100 2451 377
2960 7695 18
2873 5602 440
9367 5326 375
1960 5538 355
587 7429 157
1978 272 269
5885 3189 411
8498 8352 92
1955 8634 156
2005 6735 459
7882 6047 154
9253 5272 257
45 4639 435
5272 6599 473
9128 7186 254
8785 5517 26
2407 1402 215
6318 9900 419
7410 8207 54
9418 212 141
3878 4447 40
2384 52 312
6493 6449 451
5928 1721 50
901 849 89
9655 9635 106
5034 8394 360
3601 4712 112
521 8474 320
6075 4244 384
1068 4474 183
2108 6859 87
8420 3352 36
5723 5633 258
9625 6534 107
714 2542 94
3672 3928 488
8032 7529 200
4997 8050 26
169 477 271
5553 7897 97
8089 6357 456
676 1129 161
9713 6852 294
6823 6478 180
8430 3544 74
6025 7217 2
8365 1601 384
5418 6598 434
944 6767 264
7067 8673 161
4017 6762 19
1473 3790 0
4986 3503 353
4132 6678 183
9813 5109 227
739 7486 444
5594 5851 398
7978 1269 348
4764 8566 468
8380 1985 141
3542 6002 255
1413 3828 45
413 8814 401
2618 9299 79
1301 5464 40
3529 6203 26
9325 1797 230
3075 6127 351
3424 7244 269
6892 5624 255
5385 5518 257
640 3283 437
6037 49 104
1290 2667 403
6870 3969 367
262 3850 70
1141 9527 220
7871 8955 199
8574 8731 443
7844 5623 420
9099 7360 438
2708 4352 222
146 389 271
2750 1680 290
1005 4902 111
8372 1516 313
8294 2657 193
6366 6880 148
566 5455 379
8361 3299 354
1781 2398 214
7072 1458 66
5646 7956 307
7917 706 339
5559 1711 93
7171 6435 110
8984 4730 267
6677 1096 148
9677 1662 103
5056 6376 254
8762 8157 4
3476 1581 462
8894 7227 419
4702 1496 477
4893 7056 41
9987 4227 476
6597 9563 206
2216 2593 303
8364 2270 317
6319 3679 45
7573 2441 203
7577 2270 136
5392 1164 364
4811 2218 360
7640 7112 416
2181 7099 495
3158 48 59
5216 2264 152
8371 629 274
3189 3300 453
734 874 247
2789 4803 17
2778 195 33
3642 1358 252
2354 8999 364
8123 1180 315
8118 690 363
4029 5907 127
2533 4278 108
3308 3819 409
4113 906 135
7360 47 438
2877 2825 486
5911 6467 344
7515 5174 195
6231 3297 376
2046 1415 418
4261 1797 325
8740 682 104
3849 342 275
8610 4456 181
4245 8168 229
1035 7398 406
8021 9661 374
2718 7176 400
6413 9759 197
7641 8157 464
9560 2418 261
7385 1158 444
5841 1359 138
8117 9969 94
7650 4214 115
7231 5250 13
9638 9623 174
4864 2341 202
5264 8755 461
8961 2748 118
425 2308 388
39 6046 398
335 1887 110
973 6356 79
2420 359 146
2035 7590 248
9048 7228 371
2074 8444 65
8628 3708 172
8589 9021 420
3059 5799 229
6299 5838 275
7049 2525 14
9159 9850 223
7591 2270 82
237 4305 24
837 9705 105
4708 8131 49
3625 6759 110
1297 1700 131
1718 1111 430
799 3762 120
5926 812 145
2940 6323 496
9015 3914 118
5449 4151 276
9474 4988 333
3431 6049 465
5832 9674 76
1942 7324 129
3426 9042 92
4356 9841 207
3829 5767 19
5826 5059 342
1322 427 257
1793 5876 260
6569 5350 101
7402 5133 2
2719 966 28
1148 2908 352
7629 2686 246
1573 7043 439
9280 7224 58
4151 3050 470
5346 725 397
455 2518 273
6067 5439 476
6668 2841 109
6022 1913 427
1403 9413 188
7755 3394 374
5854 4967 269
3793 600 493
204 1103 44
1674 6449 269
3571 6904 139
1344 2972 78
7172 5992 271
1782 8367 36
61 9770 449
1249 3877 195
5124 9731 15
2393 9877 115
6887 81 218
783 8107 20
9052 1678 276
6191 9374 100
5121 6547 445
6892 4681 312
6929 4742 434
2730 5992 311
1926 1116 395
2441 9861 124
9908 6748 57
8478 7531 164
3498 2935 342
8127 5478 68
5727 599 115
5672 3844 148
336 773 391
4770 3503 235
9434 1781 203
181 4222 64
805 482 165
4214 8961 196
9378 8811 484
2572 6938 314
5140 9018 414
608 4690 110
756 1379 383
1999 6149 238
9234 1935 20
289 2116 242
4854 9273 225
2519 3487 38
4067 9217 349
8551 1789 140
1218 3282 158
4484 3890 200
1594 998 79
9477 9350 81
7215 4936 368
3087 5226 337
3182 80 110
7407 8951 450
3297 3018 19
7998 7922 161
9638 9140 443
6648 3624 185
8349 5218 35
1428 1047 385
3361 4614 322
7230 7702 400
9567 884 480
7529 4643 431
5331 7940 301
2351 5938 223
3864 1929 363
2307 8577 339
7344 6926 57
3379 4707 456
5117 8068 71
1791 1650 273
3691 1217 157
5671 5099 152
2954 430 92
3255 9133 382
1479 9349 311
5194 1656 389
2534 5352 167
1443 5084 374
1400 201 295
2323 1992 445
4596 2035 15
4105 4058 114
8257 7012 396
6701 6619 382
1083 4450 231
3747 9645 240
4988 8531 444
3155 6326 28
2382 4078 81
9677 6401 425
4974 997 460
1489 1454 18
9455 9711 382
4204 2764 2
4438 200 304
4021 3947 301
5261 8935 184
4558 8442 11
2586 824 89
7168 6853 491
93 1828 340
1406 9669 295
424 9125 358
9159 9681 123
4513 4119 175
4317 4492 122
119 6106 409
803 664 203
4166 3250 28
5256 6770 381
9099 3216 61
3939 4622 231
234 1398 208
8945 557 241
420 5070 212
2095 9388 204
4069 5859 310
4978 3014 474
681 7181 77
3561 2437 199
3295 1536 415
1208 1827 37
2439 8414 436
5499 7359 345
8240 7779 416
1452 6226 156
5509 295 15
5671 1625 381
146 8658 62
575 2220 351
7774 1867 239
8190 3075 67
9579 1867 481
2367 7366 192
5713 1959 323
4129 9763 49
4637 5272 344
4652 944 469
385 7442 479
6948 4369 199
8651 2143 418
1891 6685 494
3310 2617 213
3143 4984 79
335 697 390
1658 1178 154
9207 5815 278
3403 6819 222
9224 3557 16
3703 505 385
6755 5508 381
1673 7399 418
6019 7061 35
2232 204 372
2164 6891 421
4054 8549 452
5708 4108 119
5339 3863 439
5913 3087 496
3930 6791 353
2667 9898 361
9900 1571 113
3819 3943 174
6706 2527 231
930 4691 122
5852 5098 172
8304 7158 132
2923 2497 496
714 8411 435
2062 2341 226
267 1360 124
3981 7613 48
5094 7784 491
9620 4490 18
4351 1773 62
5974 7625 160
2498 2281 318
3130 1556 168
3978 8623 79
7914 7037 272
4992 3657 132
1969 7638 97
517 9084 381
9360 8704 372
730 3056 497
3144 5382 474
4304 7880 107
8975 7362 163
6143 7693 138
8074 5607 28
2346 6951 185
4330 8920 323
3928 5789 259
1309 1501 463
9533 2232 371
9530 1728 253
3504 2385 485
6111 1360 200
6627 3855 393
2117 1929 352
4645 627 303
7182 4957 76
7357 8885 365
6616 6547 367
4580 6080 451
8303 1963 179
7409 5467 64
4394 7931 276
1446 910 483
9839 3027 264
191 4025 391
3847 1207 349
6423 8565 86
1140 1533 133
7359 2465 66
2162 769 29
8694 8178 348
7610 8924 131
4239 371 41
4722 6562 69
3487 3106 446
2878 6953 153
3579 9728 70
9518 7220 104
2003 932 421
569 3094 190
7450 8140 220
9799 5751 497
6430 9990 368
3972 1064 282
893 4551 388
1839 3782 193
344 3713 273
3767 3231 494
8723 5235 426
6144 2156 372
687 9607 365
3407 5758 116
7756 2188 458
2476 2512 22
3759 9757 426
8147 7948 60
2193 8293 125
5966 8412 357
6960 7135 444
5238 9631 452
2963 318 59
8828 78 317
6796 7834 358
1106 311 370
6480 422 480
6406 8569 428
2818 762 73
2944 3081 485
2653 41 472
3949 1632 456
7401 4595 126
461 9775 204
5630 2923 391
2988 4029 54
9211 509 476
1543 3268 397
5471 6086 12
397 5382 93
7382 4387 486
4207 8336 118
7015 5738 65
141 2551 192
9698 8181 115
7089 7522 144
7495 3085 6
1971 4628 274
7720 99 212
584 496 447
177 4231 334
6164 4790 171
134 1805 261
5052 8298 312
9744 7996 345
7360 1437 367
5356 8932 304
3862 7255 432
5636 4976 384
6201 5560 380
2148 2090 463
2482 4606 105
7505 4740 410
8266 9792 61
7930 5889 57
5776 3249 495
7495 8605 427
2300 2468 35
8084 4456 363
3968 657 275
6701 2805 365
3664 5288 471
8122 9145 64
4384 7412 208
8945 5342 97
1503 7470 198
5498 4966 156
4777 3618 124
7664 1702 432
5527 5671 90
5303 2372 247
3520 2388 387
6344 510 33
260 1247 445
3968 192 139
9918 1695 110
9116 3545 428
9624 4675 46
6248 2339 248
33 4219 271
4475 5874 495
1722 9394 236
6962 5738 98
4995 5998 345
6792 6319 38
283 2589 85
4893 8057 483
7173 7682 158
6719 282 349
4320 315 68
7591 4790 294
5939 2865 189
6675 9827 279
4273 1174 130
3119 4318 449
2157 4601 38
9242 5847 95
6225 3020 277
4235 6092 60
937 412 227
1857 4355 18
8652 6646 235
4841 3321 414
3120 7595 440
3750 7066 258
7051 5575 211
2941 1169 410
537 3747 283
2166 7982 227
4078 5271 139
6306 7129 346
9676 5781 493
5911 6974 166
4677 6446 113
4617 6549 179
5227 3600 254
438 2894 424
4201 9783 171
7336 1949 5
6563 2380 277
6202 8686 406
2900 4714 39
6245 6977 13
2912 1654 311
3525 6271 360
7557 1498 313
811 8288 59
1587 8841 342
9758 6177 143
8616 2740 23
6393 5294 61
7651 8195 275
4690 792 252
5055 56 406
8218 3582 29
1579 7491 27
1244 8302 168
3803 6242 9
2497 6000 187
3140 968 279
6164 7361 74
4225 1364 121
7001 6054 413
6753 7461 470
4512 5680 404
8541 3611 395
421 1207 49
589 1362 291
5950 3859 144
7489 6999 464
1769 9515 326
1343 3741 190
5464 7094 97
6729 199 410
8051 4711 442
2955 9605 405
1702 26 464
5104 6967 326
4747 2917 37
6743 407 37
9708 8528 52
6386 9871 145
4428 1687 239
4877 4768 439
2788 2820 2
9082 2127 107
8988 3830 133
6452 5286 452
1631 33 370
668 6777 129
3057 2837 157
8610 9223 380
4255 3651 67
3347 8529 335
6286 7669 7
6640 6751 135
248 2091 317
233 4896 103
7186 6527 488
3408 3547 117
37 6605 454
5194 1567 29
2926 2174 181
5993 5521 62
180 8159 231
3540 4800 334
2675 1400 278
8344 1633 174
2947 5171 53
287 8579 100
4405 8616 57
7711 162 124
241 3088 299
2774 5433 172
3836 1966 332
8919 5506 484
7105 4533 384
7383 2877 17
8909 2176 41
6962 2463 120
4915 3220 89
5824 932 103
1949 7525 44
6600 299 329
3124 487 295
1456 5758 153
940 2863 186
1824 6599 415
694 5508 91
4735 2471 407
3707 3738 479
7648 9562 411
1752 7863 288
5296 4463 87
625 7588 426
4273 5396 184
9778 2689 400
9817 4513 499
2732 1559 7
4176 2646 330
4435 6354 68
7914 4002 483
8678 2106 346
6966 3754 310
5554 732 250
7332 5005 498
4869 4783 187
5269 952 53
8620 3685 112
7479 4213 111
8810 8648 317
230 2914 171
1213 1592 278
60 8559 32
9722 465 116
3324 7797 121
2322 2666 257
4010 4287 61
6563 2907 246
7027 387 311
138 5549 459
5955 5779 374
8479 3345 318
6757 3405 377
5141 9479 342
4258 2803 140
4731 5125 158
6340 9135 446
8902 5698 205
1500 9078 92
8312 9216 141
123 1524 273
4849 3 118
1168 3112 375
6045 4605 354
7740 8863 157
7232 9947 282
9390 2639 270
2188 1541 320
7894 9394 398
338 4058 467
8332 4181 491
2105 5383 346
5575 2903 458
2450 5300 63
8804 3040 279
7961 272 78
8595 6015 217
8365 8203 111
186 2449 5
7436 2788 63
3903 1120 96
8246 9577 331
2592 5152 234
6402 3954 35
4818 2758 427
2097 7071 200
2027 2018 67
8244 384 270
2355 6922 72
2212 4358 360
6127 8262 332
576 6508 261
407 5453 265
3142 1855 219
7529 6673 329
4956 5122 252
9008 7149 270
9075 1746 154
3698 453 428
770 2666 139
6982 5145 253
4314 5721 261
3927 6129 66
8692 9271 422
3763 3152 447
1592 8108 422
2844 7117 71
2466 2544 169
2473 6242 123
9401 7012 289
7040 3994 434
9293 4660 8
4407 4939 137
4973 3631 260
3747 7394 412
5547 5338 20
2469 4534 489
2892 7001 34
5062 9474 128
7685 8875 141
9326 2268 487
6112 7913 0
8620 2320 439
7257 3646 423
7869 7393 169
5281 9292 360
7154 1761 394
2495 4654 395
4029 9716 221
8158 3753 449
5651 9431 217
3490 5543 130
2342 516 303
6134 4125 449
3557 1995 194
4726 7276 487
7586 4430 100
1333 6926 254
2080 7307 322
2302 1817 427
7751 3820 358
1820 3663 402
7450 6005 418
8105 2139 43
2406 5696 390
4101 6775 167
1440 713 449
6892 2046 227
647 4127 35
6821 2781 204
6749 532 25
6107 2352 188
7361 6154 45
2779 4260 185
8675 6666 233
6565 7119 360
8084 4911 74
4034 1804 472
9613 8803 451
6148 5624 232
7205 2373 116
2082 8481 468
622 5842 475
5167 4974 235
8204 1 253
6938 2918 373
5150 7355 136
4076 7741 440
5049 7354 243
2852 3503 368
3437 7060 93
4553 9142 426
4374 9764 121
349 4931 447
584 9488 300
3837 6426 218
562 7928 425
2199 2005 166
1991 3406 21
4235 6258 376
8455 9695 436
1400 4249 78
2827 4975 342
6448 5324 125
1395 5908 113
9047 6097 391
3265 3012 320
1191 5211 177
3209 3554 83
6230 7789 341
9106 2596 389
5394 3997 490
4472 3176 465
9666 5976 289
6144 3723 49
2109 2770 498
4501 6035 10
1173 3578 73
9850 3140 128
1933 9370 269
6626 4829 366
7367 223 215
2357 1048 391
8674 7066 367
3963 3210 442
7864 5320 212
7863 6173 99
873 3698 30
5447 3548 170
3575 1833 40
5844 4811 221
7062 2179 445
2277 888 345
7020 9563 411
7739 9878 474
2181 4095 146
5745 1958 319
5345 9183 369
4875 4630 269
7545 4557 102
5937 6754 265
9159 3816 296
8956 2446 37
6153 5818 452
4064 9910 182
1538 8443 277
684 4189 235
2355 9534 419
7724 4409 401
2993 8306 311
6447 4243 65
1065 9754 233
7861 5062 31
8250 1215 202
8202 5280 112
4385 3170 407
4662 207 96
3250 8914 482
1021 2991 391
3422 2336 49
3085 8784 145
9502 6201 251
9736 414 314
5119 8665 29
2673 6867 161
137 7604 184
6045 2267 243
6141 1869 157
2124 2890 0
8867 2664 337
269 5750 121
5914 1604 174
7665 1340 88
831 2812 253
5213 5485 473
4874 5623 77
410 8020 196
6153 513 417
7163 8989 307
1163 4209 324
3852 4478 426
5325 6744 30
2999 761 223
1088 1593 35
4193 6806 372
4166 8032 347
8096 8443 367
644 948 381
1414 4463 222
8721 1979 431
1397 5831 409
9823 1157 153
9854 4156 415
3929 1596 360
4464 5790 166
3188 6308 50
3888 756 345
2607 7753 146
1840 9167 109
63 4240 88
2494 5638 272
9404 1813 281
9409 8019 437
176 1948 386
2536 2764 176
8054 5953 336
1605 6193 445
9950 8800 198
5596 641 365
2058 704 457
498 9550 447
1122 8954 261
2903 4716 280
8841 4892 81
9079 3781 345
5107 1835 150
7443 9792 343
6888 6095 144
438 8043 137
6803 101 193
113 6952 243
9060 8074 50
6173 978 266
4954 6171 10
2035 5250 291
8232 357 479
383 4152 271
8726 7393 218
2222 7831 262
6359 987 215
3904 1100 167
4648 6512 94
698 2686 72
7816 3992 95
9826 2379 197
1970 611 406
5949 994 58
6072 6073 451
2291 8295 283
2905 1007 270
3620 4911 222
7640 5911 234
9734 2961 420
9158 777 264
1105 6956 143
8302 8926 255
2208 1227 101
266 3651 174
2070 5942 322
1705 5199 181
2327 8820 444
4049 2812 208
8635 8898 169
5908 4408 299
7172 5513 255
816 3815 33
1423 2375 112
9376 8993 263
3403 1063 58
2077 9120 257
1758 1447 429
9054 1848 241
2262 484 139
8432 2744 47
8083 6268 412
8338 3436 227
223 4859 102
3335 4236 448
6450 3991 11
5508 6068 132
6118 4178 431
5547 3232 280
7789 1847 116
5280 6631 212
7180 4714 480
4592 3052 417
5820 9627 128
5774 9314 216
4722 5764 207
1086 7625 275
6570 3743 453
3501 9290 38
8633 3431 385
4249 8712 16
5313 5892 230
6294 484 134
711 2656 113
6339 4783 427
2556 9505 43
2763 6943 168
5391 3513 263
5844 3367 54
2234 2000 337
4119 2602 49
2635 7915 293
2217 4209 130
4851 1272 286
3464 3964 69
7743 6520 427
7787 5635 222
5455 1026 88
3219 3223 455
6625 5457 455
9814 5929 57
5364 8564 325
9509 782 386
4139 1985 159
7778 1802 123
6199 9545 495
478 7332 130
1701 9140 9
2789 8711 84
3596 1688 393
51 1502 322
5461 3218 239
5138 2728 373
9024 3219 210
4183 997 12
9658 3549 58
1653 4027 242
5636 2080 382
6997 1221 93
7933 4817 133
4326 4869 136
3001 6682 354
240 1820 82
965 844 154
3675 1380 3
8188 1038 52
8598 9044 432
6340 1032 12
9575 8029 234
1520 5962 403
5154 6640 124
290 9641 306
8644 6233 478
6079 7198 175
3085 7226 55
1088 5414 445
2641 4012 489
4573 6704 373
4937 6279 402
6523 7800 216
2927 9306 357
551 9596 350
1210 4592 436
40 7023 134
9715 108 360
7122 1197 126
5568 190 490
9409 4763 47
4283 9700 326
3537 2576 478
8754 5503 136
6963 2406 232
1165 9968 177
1601 9 200
5588 9724 161
6800 6847 358
9779 8767 48
6769 4528 163
6816 5163 215
9495 8701 291
6325 3807 294
2462 7122 53
4546 4639 21
7575 6241 30
1276 8181 107
7789 4981 306
5499 1112 425
7047 7882 453
6062 1050 117
4777 6897 170
6069 9575 477
9215 8389 451
1120 9287 90
6642 6863 183
8524 4491 364
131 2280 198
1289 7779 310
1214 1178 44
5668 7240 447
1637 8369 344
6307 790 271
1136 6358 160
3087 7478 448
6029 4120 163
5213 8997 154
2577 9128 286
7627 6770 65
3790 7984 243
7834 4 335
9281 7993 56
3978 652 347
4601 1788 205
3614 1227 183
1914 7257 156
7077 8822 153
3083 7751 133
1369 5379 403
7434 9169 240
1029 3355 96
8216 8989 90
3772 9319 242
119 3920 383
9176 7534 110
5712 9448 219
2720 2877 393
2373 5960 145
3858 7329 24
2114 1115 45
4706 8496 400
7302 6712 241
4244 6837 60
1839 3308 481
1222 2485 367
8184 4549 168
8756 7269 45
8149 5994 358
5294 9852 187
4170 8318 155
8567 3024 151
6320 6679 364
3061 7275 53
9122 9114 361
5455 6688 198
9322 1225 247
5342 9981 16
7888 8130 362
2746 9777 67
1285 299 385
940 8867 262
9092 5187 441
308 4600 216
4713 3722 183
6074 5529 371
6273 4852 96
7372 6546 429
5741 4434 412
103 3532 189
670 4818 340
5908 2110 207
4170 7554 246
5463 4214 347
4031 8927 421
8066 5002 451
2438 7627 155
4386 1351 201
6316 7092 488
9080 3548 20
1621 570 190
4461 6478 153
6169 7000 207
5767 8815 422
3614 9199 349
1536 7265 203
1339 6055 330
5994 6794 182
7195 9462 126
9183 8542 174
1056 163 97
4098 4624 427
9251 7145 428
1959 2913 95
5233 2879 146
1082 767 412
8286 2106 319
9468 8100 113
2002 1648 427
1629 831 469
1155 8239 484
1252 2338 109
4180 1589 106
460 9900 371
1907 5133 251
2554 2568 18
466 854 125
7137 6674 77
603 8677 225
3530 306 409
1352 7813 148
9336 9066 338
8297 9598 280
756 6410 180
6127 8317 166
4378 871 234
9749 7689 440
7226 4827 114
2803 1782 291
29 5312 449
790 6664 263
3438 2353 181
4777 650 131
409 7758 41
5941 3886 358
6607 4616 82
9841 4365 271
281 7943 450
3748 747 232
9539 7128 397
1989 7918 413
8604 7708 266
637 8837 269
2268 9246 27
309 5188 413
3019 8147 30
6601 7989 247
7873 4622 191
6675 8370 290
908 4262 270
6805 2603 40
5718 1207 248
3337 1844 86
1606 4112 184
3985 773 224
251 3792 372
1133 394 213
6380 4619 335
5923 1294 58
2565 2202 320
6335 5359 275
727 7430 482
6476 767 178
7414 8725 142
3950 2710 415
5675 2961 59
5547 4094 453
9760 6827 72
4947 9102 367
8505 1668 421
2677 4355 133
9452 5083 63
3786 7911 182
6316 5325 407
2958 9275 117
6725 1302 431
4285 6849 377
8590 2961 204
1163 7909 307
1382 2766 327
155 1796 34
4288 7600 469
5851 7739 380
4533 4055 57
8292 3366 185
4762 6443 487
4193 728 189
422 9319 150
7127 6834 411
9286 4568 30
9465 4723 326
3999 9012 426
6321 1215 165
201 2101 73
2111 6745 291
3296 1507 234
2135 2052 463
7824 2475 134
2827 5954 320
2090 5240 388
4120 1057 463
7946 1408 327
5725 7729 43
1242 4283 496
7167 6394 241
6458 9690 101
2193 8177 153
5008 6002 128
3494 5181 82
8814 7271 174
5054 7744 83
6017 5690 492
8697 7767 73
2592 5362 356
8588 2529 102
7681 8988 144
8282 1181 322
7288 6189 176
2416 6035 357
9851 1201 480
8877 6255 224
8961 8624 267
6805 7321 34
2378 6265 396
8587 4853 426
1189 8887 266
9834 3521 447
6656 809 488
5832 3226 23
6541 9429 224
4521 8306 331
6598 7267 307
4365 4072 481
6251 2803 246
7148 1390 452
6926 2579 339
2044 8765 360
1991 5421 22
831 7605 248
5706 4146 29
1782 5020 335
465 1618 455
7772 2335 27
8753 8586 182
2352 2086 72
804 5364 4
8143 7408 269
5355 5751 43
3377 6582 0
977 8640 499
8006 6774 19
9694 7239 489
8649 1364 324
8028 6469 410
211 8821 497
135 5977 361
2639 4120 122
261 5828 373
3304 5557 308
304 2887 448
7803 893 75
6674 587 314
7163 5588 30
6339 3617 0
4102 180 173
3951 315 151
2812 9307 123
5434 9568 303
160 9224 361
1468 5880 248
1416 36 493
4491 6710 433
1158 226 21
9188 2917 490
40 7019 170
6066 970 486
1717 135 293
4192 1921 213
2496 2081 437
6357 3549 317
9457 1318 353
3450 2161 416
735 3319 494
7257 8860 411
99 5252 431
6770 1318 253
108 9387 388
2753 3580 162
4966 6076 243
2755 8785 145
72 4594 463
3778 8044 124
546 8780 444
7540 2389 156
7451 2488 408
734 5610 79
1340 5718 466
5728 8471 398
8390 9789 474
9486 2544 111
4131 8969 205
94 9099 102
4570 9645 234
2366 7185 475
9022 988 315
7283 1723 426
6862 9415 496
5828 5143 320
4727 9886 109
6053 5724 6
2517 9855 475
3574 6301 74
9028 871 71
9614 3238 256
2589 8612 244
757 5895 319
8183 2757 234
7679 4938 230
1999 6017 468
2461 8422 192
1819 7291 399
146 866 200
1220 6246 71
4643 5861 161
8899 4802 274
495 5559 169
3815 94 279
2901 4126 217
3483 2477 86
3951 4938 8
143 6757 300
2542 6903 18
7594 4475 264
3518 9118 477
2679 4369 280
6805 4865 191
475 5032 286
9606 4285 412
7323 7769 389
3761 8072 180
8621 4568 289
4421 3462 45
3791 1057 372
3056 4575 491
4533 3606 212
7165 412 429
5357 7239 461
9995 6845 99
2407 520 368
3648 4281 440
6180 2902 8
1822 3676 471
4367 7467 380
7739 6875 307
6582 7761 413
9795 4926 325
4224 6635 416
38 6630 261
137 5389 281
4357 5390 414
6649 1570 317
3510 3392 345
3833 4111 312
5213 1851 40
7520 8433 301
9785 4580 79
2463 5157 215
2379 5195 345
9141 1684 235
6422 2393 125
4337 9042 47
1506 8904 292
2351 2737 403
7015 4302 254
4907 8174 40
4208 7960 472
1140 423 129
8355 2802 176
8552 8295 212
7787 1070 105
8764 1759 0
7664 3265 404
9956 1968 494
2711 5335 296
7318 243 471
6710 803 283
682 1943 58
6164 6650 212
6840 5203 8
1905 9342 78
3010 4459 189
9510 2123 306
1267 8431 126
5761 7494 461
4557 4812 56
7880 1522 360
5515 8557 155
3573 4721 306
786 7913 9
2646 9818 203
5576 9181 162
265 5043 137
4571 6310 68
7197 2071 415
1510 2981 227
6067 7213 102
1427 2729 11
1434 6302 84
1740 3440 349
3601 6086 20
4805 1662 201
6819 1927 244
957 2850 407
9877 47 478
6292 7910 311
3872 3977 25
2974 1756 254
3337 3190 408
8421 1283 349
7770 4884 435
9642 6041 98
4343 2861 377
440 3818 228
2847 47 127
3677 6340 37
3841 212 14
4866 9538 122
4972 9227 165
7732 7648 448
7581 1770 184
9869 1413 226
7467 2108 439
3344 2548 109
8424 1747 156
3552 1777 348
6589 5618 60
9956 484 450
1430 1808 177
6095 9540 177
2043 3474 300
5580 3343 65
5158 7162 173
7597 506 74
6558 8931 321
9214 8835 98
915 5424 216
2827 1732 52
4278 3163 212
1307 9258 105
5985 7654 79
5137 3234 274
5702 8392 436
8375 2341 442
9949 5251 225
9623 817 60
1073 1732 337
1790 4560 69
5694 8838 84
7759 6497 195
9364 2482 349
795 7619 435
5569 3321 179
7505 8049 20
6299 4350 271
4025 3973 88
6937 5047 173
1626 3189 233
8048 5235 423
7632 2994 420
2827 2358 403
2028 9505 374
4463 5074 48
1642 2579 97
7514 8879 299
8637 9256 273
578 2545 172
4251 524 361
2484 8572 448
5907 2556 443
5827 5384 153
4582 3764 159
957 8228 85
3357 6222 165
3806 3737 396
8605 2374 4
3730 2952 401
3902 7203 425
3615 6039 497
4916 1946 54
2859 4126 290
5864 8708 54
8375 6017 134
5961 9374 357
6126 9532 446
7874 8138 172
8878 8220 477
5131 8475 32
5557 8442 72
4554 3358 370
2460 6217 496
2102 8434 205
5509 6809 74
7143 2770 449
1352 5248 333
5650 3122 323
2323 8352 44
8300 3484 19
7832 9041 461
9756 9947 172
3627 8760 241
1623 862 175
4680 2723 485
3755 6219 107
2204 7571 356
2889 3222 330
1713 1897 183
8757 197 19
628 4381 60
941 4138 359
4613 7765 471
855 5740 186
1882 421 409
9719 4176 128
327 2732 52
6183 5621 126
1513 7334 23
1548 2443 72
5067 3071 453
3979 365 443
9191 4978 60
3162 2185 301
4348 420 222
8258 139 398
4738 466 482
8790 3001 103
2416 867 290
4291 8767 85
6363 3835 9
9169 4166 374
6112 3357 204
3525 2872 242
326 7220 162
3900 1830 301
1650 6569 120
2132 1711 121
4587 480 340
4377 4771 108
2963 7487 295
7324 3008 461
5698 5472 171
5402 8997 43
9996 9323 115
8658 3223 446
3812 4873 367
9432 3357 430
4405 7945 410
6598 8674 34
1206 7989 373
6001 5313 381
1314 1011 353
9985 2766 351
7880 2762 26
9348 7773 250
6294 1585 475
2513 7369 333
6795 8126 278
5206 4724 452
1092 2282 442
4465 4635 255
846 2302 119
2699 8639 237
9902 6520 351
6429 5868 124
6179 8514 61
3506 7379 282
7839 4174 261
6469 5732 485
3774 6824 120
2716 1289 107
3323 2135 409
1294 1187 49
2031 1089 421
1883 7518 141
5859 49 155
7773 3556 386
7055 7747 412
816 4217 145
5654 7991 469
9126 7059 111
7233 6734 98
7643 4381 285
3044 6412 227
4965 4647 245
9106 507 147
8113 8280 55
851 1687 302
7763 2504 371
408 4510 214
6230 3636 125
3341 869 212
8939 8512 93
2077 1556 357
6304 2873 5
4401 1979 364
2548 6444 496
603 7295 183
2758 5059 39
5481 1819 49
2548 8049 37
6673 7742 407
3885 3034 271
1830 1463 180
6188 7767 53
5193 2168 385
7409 1069 329
7905 8024 125
6440 782 184
3832 2616 3
5733 5164 405
1271 1837 499
7678 2075 33
8949 3905 496
4481 6445 115
6535 1638 136
6920 5399 205
3749 3304 229
4226 6097 364
3410 9929 480
766 2014 144
6171 3285 333
5670 963 260
4556 6265 18
4904 7098 463
3020 3633 454
9656 6905 353
7361 7007 10
9442 1233 107
2306 996 388
4138 1762 402
1134 4285 40
9968 6307 3
3580 863 120
1098 2120 219
5062 5140 204
3368 1148 462
721 4861 469
7731 4303 202
7190 2962 50
2930 3452 312
685 4587 97
1725 907 257
80 4487 472
4701 5586 92
2772 7000 232
828 368 232
5790 7441 93
7759 1525 249
7314 5067 211
7864 7998 163
6529 8683 250
9478 6760 9
8735 6840 497
5208 7893 435
3800 7017 287
3885 7846 7
5117 3636 448
1211 1396 473
7960 5062 41
4023 2926 391
3538 9455 426
7641 8934 186
2650 4021 378
2147 9229 272
9934 9382 289
4721 3267 135
6228 4736 272
1529 5947 20
8354 259 434
3895 634 360
138 4173 168
5064 1814 454
3102 816 475
7981 2964 57
7105 2898 439
6894 7620 58
882 200 294
8506 1729 242
3878 84 353
4312 331 488
7672 470 13
3192 1886 179
7646 1341 495
2474 5674 459
6531 2779 210
6322 6025 182
9380 6907 382
7174 5413 464
7268 9291 48
7622 3603 231
4962 7628 53
2827 820 292
2506 4819 133
3001 3645 307
6461 6528 438
5523 2850 463
8557 2230 371
1791 9404 136
6755 3025 428
8155 6999 383
9887 1961 11
8440 4788 184
5232 7294 355
9717 295 0
3524 3108 380
2814 4983 230
1778 3540 460
7649 5332 216
5285 8439 241
8565 6595 240
5449 2834 53
6312 7626 193
4348 9211 487
7203 8928 135
55 8805 95
9435 1619 431
1665 3397 323
2477 7398 7
9046 2684 447
2287 1249 394
8880 3050 228
3785 9363 206
3479 3711 417
6818 7267 346
6805 7322 3
6253 3110 122
684 1127 372
5007 3605 270
1015 9003 306
1814 7642 56
9208 6522 458
5788 6660 321
9994 139 385
9764 6957 152
8462 3763 474
5965 16 436
1439 7052 64
311 2059 21
2934 9426 24
8240 1240 18
1148 448 393
7107 2588 53
2428 8935 192
7813 8699 149
465 7161 264
6792 3126 132
2580 4565 184
3144 1229 96
17 4163 22
5893 8755 115
9412 9904 415
5805 7011 4
8858 5791 439
8402 3605 138
8551 422 299
5168 3566 277
8152 6147 194
1837 5643 423
285 5661 438
1807 7906 194
7274 7318 450
3190 9475 461
1694 4685 252
5485 3087 209
1623 7991 484
1274 3159 50
403 7663 49
4097 9500 193
5373 6137 206
7163 4297 464
7709 1571 135
8159 4761 110
1972 2807 296
5225 8292 235
4786 6267 226
4770 3893 237
4673 4296 401
722 8394 253
8767 119 391
8825 7282 188
6790 4992 259
8425 3151 21
9535 5124 328
1683 6701 473
6919 7839 240
6497 8962 486
9235 3635 282
9636 4357 28
5889 9477 147
8280 8302 430
4968 5092 422
3228 9869 425
2601 5757 401
4781 7440 102
5254 711 294
8347 7209 256
5333 6444 391
2967 2432 100
8996 8321 77
5143 2954 232
8573 7922 176
3347 7502 46
1273 103 303
674 4885 95
3129 6491 159
3423 1190 368
2679 2875 164
5570 5843 448
5522 1191 269
8600 6334 223
2684 1260 498
1860 4607 0
906 5880 456
2061 2907 193
657 6036 184
6316 9459 227
5536 2138 102
7552 4060 297
2000 9582 488
1121 4534 175
3197 7218 435
3195 5431 394
7047 2689 275
1003 4751 34
6196 1760 70
4233 8076 29
3460 9964 19
1914 3868 431
2564 5868 13
4404 6989 400
2579 186 470
8366 9733 401
8761 6781 91
1388 4136 194
6922 333 454
4844 918 382
2225 730 346
1744 2644 214
8027 1560 434
3892 5965 275
4292 4896 314
8263 3263 47
4016 8376 180
2459 9764 317
5653 3038 2
607 7882 420
9989 107 150
5687 8203 146
5253 6230 207
687 122 24
5815 767 420
1129 9030 35
2528 9398 411
709 1858 27
9378 7511 65
8380 8119 299
4652 4460 406
1654 148 461
1300 1753 191
8859 8793 166
8735 4608 433
7156 5737 463
1543 8265 213
4307 5326 71
6834 4704 83
8752 3084 54
8551 4088 14
4810 5742 14
9271 7043 120
9963 2254 413
7129 990 21
5062 4498 258
8377 6041 23
1090 348 350
2014 3535 406
4097 2287 343
7003 7190 431
4369 2000 174
8236 1272 69
3856 7587 175
8269 1068 165
7290 2482 15
8400 859 409
7775 8301 109
2477 315 144
1884 764 283
727 7767 474
10 2137 474
8684 6725 98
7105 581 185
7781 8850 253
5798 2492 87
8314 892 298
3223 5019 100
4832 7497 267
6329 9381 384
112 6460 3
1086 6470 492
413 5155 217
1011 8612 298
5549 2745 0
1154 8544 492
9242 3210 236
4540 6433 256
4492 7617 105
4760 298 486
8496 411 446
9999 7849 416
9992 4614 423
6709 1978 388
360 7527 133
2860 8681 177
4205 4275 387
2793 8816 172
6401 3308 142
7506 4420 292
7992 2916 203
1290 9268 405
1059 9260 19
2334 2321 497
2222 2681 376
4856 1894 410
2385 6099 185
3125 5244 1
6649 1646 310
4143 9152 82
1936 3497 499
6491 1139 119
5248 8550 379
2268 885 52
7617 9459 234
6846 667 480
4756 3053 79
6941 2530 175
7943 5531 321
8605 9675 326
3687 7963 323
8038 4454 314
1657 6055 365
888 8323 250
2441 2292 209
3027 5490 229
1859 246 134
6790 7188 164
6965 1483 47
8787 88 222
6113 127 37
3288 8166 344
1602 6175 399
8467 3416 74
6217 2209 218
9779 1588 209
360 3447 455
3994 237 143
158 7202 126
4557 5989 66
8632 8454 194
669 1742 212
3513 3345 387
2412 1812 155
2338 4382 364
4557 513 452
2266 873 251
221 4867 488
1717 1377 43
4695 5934 384
7762 4566 339
956 1588 81
5020 5101 278
5259 3866 91
8915 2556 325
1131 7113 190
8584 9379 63
2187 5953 282
6028 4022 11
7071 8717 297
455 2831 364
2294 3787 304
2228 5159 257
5506 419 123
6949 9334 32
2774 465 145
5464 5401 377
5379 7589 182
6513 3617 204
9024 7040 421
3822 7495 105
9538 6142 392
6842 8370 52
5599 3876 323
4575 826 157
6107 9952 122
1104 1769 376
5481 7148 465
2163 14 434
9219 9038 474
4993 9212 321
3598 5102 463
2342 1944 333
6246 3896 210
569 4823 388
4226 930 340
4701 8386 109
577 3868 110
394 2383 124
180 1603 14
7006 6596 79
1327 6546 181
8143 8888 478
6976 5135 374
6038 5704 197
2278 6283 479
2119 984 365
80 7913 85
5190 8307 321
6666 4839 424
3533 1845 372
9612 9524 418
793 7667 158
6623 996 293
9997 7034 350
4546 9313 133
6377 7784 469
6595 7864 382
680 9407 41
3501 2425 232
4277 5958 77
8001 1922 453
8271 9068 121
7430 5691 117
8075 2041 3
4425 6587 168
3410 2965 452
3379 5912 169
7613 6592 76
6506 6446 353
238 7075 164
5815 5077 86
7269 9700 6
2742 7130 198
9211 1558 239
2714 5983 178
1883 5746 495
8835 5477 407
4 3091 352
6932 5949 150
2638 6188 225
4302 8355 154
4240 1976 355
3247 1070 485
4297 281 43
7388 2996 379
3418 4879 477
2414 66 454
3673 6423 397
1525 9707 347
8527 2345 387
6253 2999 242
5407 3592 71
4262 3191 141
6600 7488 423
495 1228 419
6726 4646 150
8703 3412 68
2510 7086 491
9407 4963 51
8606 3491 396
3993 6096 248
4088 1503 340
6159 2118 31
9300 8718 371
9075 5565 99
5494 8644 245
9496 7347 10
3565 9857 96
408 5617 411
6959 4223 402
2208 4569 350
456 8657 354
2296 4816 472
7327 468 42
6198 9544 459
2649 1390 103
3746 7239 303
8256 804 12
6204 7564 129
9116 4524 205
1870 6732 274
721 7188 283
7427 5836 451
9899 9515 419
3793 2065 315
3252 4714 58
7708 8460 297
9511 3069 453
7523 9273 369
1153 8389 393
1710 6612 477
6836 7333 17
619 4760 353
5570 1011 220
7341 1156 285
5009 760 351
419 8468 164
3068 4331 233
2873 1855 358
242 9360 100
2136 1070 212
3465 7906 397
1983 4877 9
2688 6799 372
2909 4140 28
1546 5501 140
1250 5920 109
9414 8988 292
6999 1861 147
3857 2104 7
5457 592 429
21 4057 187
1918 2392 416
4927 5081 215
5299 4342 356
3179 2240 357
1820 3490 130
5281 2904 118
3073 6255 480
2721 113 436
8080 1922 28
862 1944 437
7901 3862 330
9818 5142 411
8533 441 105
7741 9973 345
6099 1793 336
6729 3426 92
2699 6499 348
4179 5572 461
4115 5 383
995 7219 327
1933 5120 42
5263 4938 184
26 3472 477
9131 1213 450
6828 3664 95
1664 6745 21
5757 5797 21
2457 9976 445
2918 444 450
1653 7791 169
2333 9724 142
3227 1339 80
2911 7717 404
5740 3200 470
2191 29 486
6786 8045 232
1160 154 29
5681 2611 357
8478 1881 153
1281 9887 297
1302 2220 21
6444 1799 213
2877 4710 430
2781 450 483
251 8993 12
7738 2132 57
8322 3292 64
4703 5325 175
7412 3803 409
566 5084 296
4215 2739 368
1236 9183 167
2301 2060 377
1084 1194 179
3067 7797 25
5079 1887 157
1488 6561 449
4404 1264 274
9932 8677 77
7341 5595 14
4637 9810 253
505 7398 288
4524 6052 201
3253 7136 395
2432 203 44
6957 1634 432
3614 9474 493
9915 3879 110
5189 3811 287
4267 1152 234
1133 2141 396
4386 8998 146
3174 3522 198
375 6775 334
5122 5559 389
7667 8869 23
8451 8835 498
9444 8751 229
8054 292 40
1693 4559 44
7279 2044 37
2675 6430 35
1822 5957 409
3372 2684 36
5707 7807 447
948 1826 316
1472 277 4
7822 9721 107
4403 4128 399
4795 2173 311
6339 9453 355
2728 8480 138
1763 302 95
7024 27 279
9060 2086 438
3007 3034 116
2176 4506 393
180 8680 467
9639 3083 95
3038 7878 268
7349 569 73
57 9649 54
9195 7764 208
4290 4788 235
8421 200 321
6712 3208 356
6828 1736 214
7222 8268 247
41 7907 182
6988 945 413
9756 4647 482
4682 4704 484
1736 3899 248
5444 4541 37
5532 9314 237
1353 6026 297
6561 2855 385
2628 6429 153
7375 6470 60
1557 3458 358
6322 9566 357
5305 600 413
6641 2336 312
9389 4133 205
6926 9665 19
1016 7370 398
4665 3932 105
51 2912 34
56 6639 356
7969 4548 166
3179 871 84
3036 2528 185
3949 9169 21
5113 8558 6
818 1837 171
2189 9205 42
9587 222 326
6192 6625 90
5578 6682 229
7786 1003 277
3452 4182 148
1389 7218 176
3574 7519 345
4447 8984 256
9454 9802 93
477 8343 298
2519 7931 20
1197 475 498
2787 6054 180
1016 3840 183
146 3645 365
3794 5034 435
6323 4960 306
8020 9407 290
8276 5213 444
6721 5691 287
4371 4562 70
2244 2112 398
6742 4899 304
7922 2268 144
6457 8766 141
9174 8912 27
9109 5235 487
9267 3256 395
2057 7884 460
1001 4606 151
4640 5329 214
6211 7573 178
4609 4315 77
5413 8589 197
6409 5046 463
7403 572 376
3430 9681 463
4418 5300 71
1165 7357 456
3125 8358 414
7129 9351 243
5695 5562 317
6373 6523 484
8302 8288 74
2500 1049 472
1815 4804 45
43 8235 78
9859 9005 379
2930 6522 88
238 5999 299
2152 3128 150
5748 8823 64
6917 1548 87
2401 9851 227
2827 8703 128
4652 518 433
7049 6914 20
9127 6773 25
2858 6055 399
3947 6294 398
9746 4798 27
1248 546 202
8312 3815 251
8251 6217 102
2830 5396 305
8458 48 175
5243 7097 441
263 2577 66
640 1787 122
7539 2086 268
6790 1832 66
2817 9432 465
371 7744 280
3122 5995 349
2076 8825 98
9733 3636 498
4261 8879 96
2054 5495 25
6621 2487 164
3595 6379 251
6863 3169 435
1281 2338 368
2598 2709 112
1379 2184 460
9080 612 137
2178 346 125
1677 959 5
4625 3013 352
6502 5986 339
166 5933 218
5917 9148 387
9853 430 225
3221 3028 287
685 759 471
4145 9840 83
9135 8370 281
7760 47 92
5265 4672 106
969 7526 444
2809 7693 378
7379 3610 26
8767 3463 308
8844 3036 189
7983 3722 448
9306 4219 140
1242 3354 11
3523 1115 410
3116 2732 435
2074 3702 461
3370 2863 154
4248 242 265
627 5361 80
7435 558 117
3624 8541 191
6925 7848 410
65 5442 265
7928 8965 232
5839 8433 464
4774 6859 18
1235 230 381
5390 830 476
9507 1457 189
3439 5245 247
408 8869 141
1099 5794 341
6010 5860 283
627 140 100
6359 5979 386
1175 753 97
9694 8341 327
7427 83 10
5403 9590 319
5093 9381 64
1692 9790 434
3185 889 80
2526 3251 440
3661 3878 433
3762 237 412
5000 7765 18
3097 7459 359
1425 1238 442
3287 6642 384
6606 8087 265
5171 6131 55
8957 9317 445
8537 8195 196
330 1857 427
2263 5619 16
175 619 281
5193 68 92
4904 1493 331
4698 1132 325
4082 7739 412
9200 9262 395
7755 8219 212
3552 6756 408
2601 7086 117
5528 5701 88
1396 5877 59
8678 7422 127
9770 8679 121
8453 3377 105
3778 3812 344
3542 3012 458
9438 7119 177
1002 7024 286
762 9625 224
2379 1505 426
5967 2901 155
6526 7931 429
7154 4054 108
5627 2507 486
5232 6286 150
8929 6180 162
1887 5618 281
9417 6621 157
3703 7383 282
1427 6115 139
1205 2082 393
6860 8609 324
6290 5763 378
750 7742 238
8588 2974 376
238 8255 56
1252 143 175
9386 5912 148
4543 9615 383
9326 7394 498
8317 4952 81
210 8164 42
35 4454 305
265 1557 399
3003 145 373
4731 6736 129
6288 7988 124
9815 7374 388
9963 1918 355
198 7596 101
197 5913 53
8630 6124 218
5672 2511 24
4829 2776 81
1728 2132 79
1601 6863 315
6082 9503 303
7058 9318 30
3946 5633 448
6801 5832 44
3403 6029 457
1308 1011 433
1026 6683 444
7903 1512 221
9984 3240 205
4915 1193 420
230 3628 424
9886 7038 242
6916 7337 376
5864 4138 208
8760 3893 89
7569 1554 100
2503 2580 135
9947 483 147
6520 6820 239
5225 1735 284
7146 8318 264
8570 8204 303
5664 5120 140
2040 7336 130
600 6096 376
1541 3665 430
7141 6168 362
2128 2468 346
2275 8988 18
8366 4214 253
2003 7712 423
9267 2634 127
3570 8298 99
1562 6691 435
3693 7291 383
2421 8833 401
6351 2326 421
9213 4455 389
8911 3082 378
5429 7801 444
35 9804 156
2958 9071 142
438 8994 440
3037 556 131
9325 601 423
8060 3022 108
461 9373 286
5383 4939 93
2772 3850 176
5502 5632 477
8798 2019 133
9806 1329 204
3448 1767 198
5389 1157 255
4020 482 356
6295 4894 231
3755 5356 104
3542 739 43
487 9863 246
515 1718 378
8344 516 397
5977 6675 78
2682 123 346
4732 5512 355
7339 5885 189
4196 8532 83
6779 2288 439
2383 2182 30
9279 2669 246
25 3185 464
2755 1529 332
7504 3859 7
3582 6541 131
1428 1273 495
6783 8613 232
5324 9161 265
2408 5940 405
4847 4675 439
730 3954 460
6476 331 497
3940 3086 379
4624 590 238
5632 525 279
3115 1953 404
2462 5089 369
7695 6765 382
7812 9173 174
6569 373 350
7508 1103 156
7468 7579 340
3318 7871 426
697 2495 369
1935 4479 394
6066 3946 199
7822 6409 140
8192 4104 406
426 8268 431
8601 4837 304
1451 8697 407
959 2517 338
799 5835 209
78 2884 57
9947 4819 388
6693 7237 335
1744 1412 244
8237 9604 200
1495 6382 468
3926 4983 157
6731 6434 354
6990 3746 371
4829 4545 59
6890 4623 443
1447 922 115
3188 7615 352
2523 5712 116
4619 3949 72
819 5444 455
1639 5722 438
3648 2453 225
4354 5796 471
7577 625 16
6636 7515 492
4932 5315 414
8047 8503 382
4751 7378 94
2868 1997 395
6940 9168 191
7395 7159 413
9186 807 219
7411 5161 15
9382 2738 492
2250 5727 7
9742 659 174
4509 8706 29
6891 9809 259
4985 2677 256
3380 9618 424
3571 3365 435
9484 2551 242
555 6314 403
1070 2048 494
8562 651 221
9922 393 380
2948 4902 438
4478 8145 247
9737 3130 425
3346 2862 395
6122 6433 112
6058 2270 16
6800 2825 330
9056 248 379
402 5162 30
1123 5084 275
8855 8033 30
5293 8863 175
7892 4952 158
6817 8298 20
8064 4421 306
9029 6831 428
2545 9983 105
8727 9039 353
606 9441 16
9488 6916 452
5116 2123 485
1998 7416 200
673 5309 153
5183 8478 451
6204 2895 224
6362 1924 55
8790 821 39
395 9548 430
2249 6507 224
5617 2347 492
4069 7463 116
6907 9461 32
8607 6487 193
5260 1670 24
212 4226 271
2288 588 195
4844 9378 368
3735 9774 416
8017 8375 423
1741 3992 123
8734 4413 86
7850 1320 400
734 9928 387
5280 5188 409
4656 1752 136
6927 4041 76
7474 5237 455
8842 8972 81
9758 6989 456
3534 5083 300
9657 169 213
9595 4371 34
8995 1457 314
1234 6737 2
1496 1393 255
9632 4672 296
1060 2146 33
1867 988 357
2448 7099 198
7756 633 281
3408 6642 302
3474 2589 173
4860 1585 131
6174 9171 220
2676 667 466
7283 6651 138
5931 7712 285
3464 9579 125
2673 8380 224
8872 2488 209
6505 5897 351
4308 9371 293
2833 4231 230
2816 405 401
9537 9433 421
355 3069 424
9493 9000 488
7130 8817 420
5756 1490 300
1480 6714 288
542 3220 37
6245 3880 408
4538 3065 491
768 5882 248
6170 5419 182
4943 5774 103
367 1619 103
9856 5102 420
5276 858 263
5428 8690 477
1716 9232 49
254 1830 281
4514 6368 347
3006 7137 229
8254 9659 0
9288 4602 126
3391 4969 245
2847 4825 199
1119 6453 57
882 1881 100
7360 3598 184
9761 204 14
6043 1070 383
5390 4076 372
6971 8683 31
3971 4323 133
9449 4067 102
6546 6914 280
8746 8033 233
8155 5268 467
6255 2628 65
6292 8741 121
8158 4784 191
6393 6526 120
1765 9849 155
6796 172 478
6429 9621 45
7384 6168 311
9516 4914 197
8101 9421 465
8568 5677 445
8985 8321 186
9606 6479 323
7650 2873 201
6122 4638 403
3277 7787 75
4755 4216 197
6653 7952 217
1816 7468 483
5013 1922 404
9830 490 433
3627 9476 254
9814 5434 86
3489 9436 311
42 5558 301
6445 8835 88
3021 9943 157
5570 2948 109
4287 1116 430
622 2482 352
26 2312 194
7812 5940 170
3918 2106 457
6504 1947 393
4667 1989 304
7469 4787 139
8057 7808 434
5566 9730 234
1028 369 351
310 991 333
1514 7369 497
3208 5181 289
731 5452 247
3688 1956 194
2433 2976 36
6737 445 323
6229 4854 483
2015 6773 65
750 7801 434
6953 8111 277
5638 5977 146
6635 9185 180
6277 6268 132
8024 9956 440
8071 8742 416
107 5479 213
3282 1708 420
617 76 193
7682 826 346
1468 4131 309
6245 9769 286
4743 2756 471
4775 9033 240
3907 3410 48
7700 1481 290
8116 7940 122
1682 1222 182
6454 1839 258
1647 5873 84
7345 7341 67
1154 9938 336
940 1033 93
6263 5809 478
7855 9716 388
9404 7416 369
6046 1885 309
8168 9919 383
8351 6373 74
8609 4372 447
6046 1717 140
7613 2871 430
5302 163 464
5747 6426 273
5225 4282 341
4466 38 110
8835 6084 495
7497 605 266
7380 8956 139
1807 3917 11
5754 6315 80
9747 281 303
29 5583 466
4993 1330 244
2118 2907 378
8960 7373 416
9570 2561 353
8417 58 458
7183 3790 266
2322 5597 183
8185 7704 499
5765 3803 132
2568 3832 215
5886 5178 397
5630 7296 156
2361 6256 30
2777 2178 443
5630 595 353
9088 7778 143
7854 6452 93
6890 989 149
2241 6754 452
7873 5674 136
5440 7912 314
689 9895 111
8845 2256 219
727 5033 398
1522 7016 345
2375 2456 124
3371 6663 428
9964 3553 418
6965 2146 24
7769 19 51
2405 1811 463
2220 2500 358
5683 7697 114
1754 4777 0
3652 6299 16
2498 8675 472
5474 2046 135
1254 8362 40
1672 5327 186
1549 3096 57
7100 1853 220
563 425 72
3922 6108 122
5888 7863 399
2888 7867 50
6904 6717 77
9729 8543 123
9216 9798 337
2257 7822 16
3795 9371 112
1705 6471 466
7777 3387 391
6350 3661 352
8972 9549 67
2723 2438 434
2773 5694 4
4203 5423 47
7678 4640 345
9516 3249 168
3032 3396 391
5997 1453 363
815 9231 102
6058 1933 263
7410 905 312
2977 9980 102
2764 9105 297
9268 3308 220
4315 987 212
5513 6855 461
4533 9887 210
2924 5884 163
4139 3051 394
8741 9110 327
7004 6520 84
4817 5850 416
1419 4966 22
68 586 182
7789 1253 169
6501 6766 376
4815 1299 264
6525 4224 0
6040 8363 52
4787 3457 162
5466 461 34
7051 1630 236
1319 9402 202
8341 9470 140
5024 3611 394
9045 6465 160
9922 7632 312
7038 509 388
6390 6549 103
2442 1336 60
3956 6803 374
8343 206 4
8579 1525 258
134 6219 81
2274 7595 192
5668 2992 9
2181 2914 141
6345 6304 150
4733 2695 52
4188 1489 388
749 1798 43
4123 141 101
5479 5072 127
6238 5206 198
2819 3833 293
9363 5853 285
2373 4386 52
9366 731 208
6869 1816 403
921 6005 245
2661 6754 43
1205 7229 36
6306 9060 460
9285 5298 19
4835 4469 352
7980 185 57
4118 2558 444
3170 8276 27
1230 5145 344
5634 6066 349
4231 8728 455
4626 6285 36
5162 8943 96
3474 4581 247
6993 9416 216
697 3749 401
255 7867 311
551 1037 440
1578 2267 85
4422 4253 4
9623 8484 232
1578 9462 369
3466 976 312
8063 4451 245
4310 7796 14
5026 8494 263
2280 5101 130
8443 5652 19
2883 7230 138
2469 1653 392
825 1276 228
7909 9207 191
1278 2673 19
9942 736 470
3188 1398 267
8554 6425 113
1317 5057 214
1947 9852 366
6318 2736 96
2956 1557 101
3848 2382 378
5929 291 437
7472 7921 110
9991 7863 199
6962 7403 97
8081 5957 374
7694 3626 283
2408 1925 136
9126 8243 372
6722 1200 281
2324 1400 163
5554 7329 306
4343 1153 227
5805 1145 442
8004 4459 198
7954 8892 7
680 6586 134
8464 5346 411
2452 4472 155
9176 7546 355
7457 9870 107
4472 1776 437
8130 6119 90
3357 1925 87
9151 6281 398
2349 587 290
4209 1268 376
3343 6084 74
754 8536 46
2761 4064 445
5968 1521 167
576 2345 444
8865 475 415
8307 184 192
8895 9335 326
293 8037 413
6936 2246 33
164 1941 469
8739 9047 357
8137 1809 421
5082 7777 294
8250 4705 139
9546 3570 114
3313 1878 150
9006 7125 486
7332 3770 375
2597 706 121
5483 871 62
4452 5962 461
8310 4099 270
6231 5534 400
2026 136 105
6517 9682 28
1484 2995 406
6634 8353 383
1120 2037 153
6347 4635 212
7468 118 83
6882 922 397
5344 9232 348
1966 1816 382
2718 194 370
1824 6711 404
7204 4547 400
8110 1182 105
8845 8654 143
6998 5002 130
2210 8822 100
4645 5705 22
3042 7401 107
1891 5719 275
2625 8438 469
3496 6614 32
400 3818 80
6652 8280 262
7610 7125 268
4253 475 270
8235 2686 93
2335 3683 150
3709 3078 51
668 1321 122
9443 3946 60
4764 3794 174
6797 547 492
9729 3551 124
3843 1161 249
6611 1766 225
4382 1 263
7327 8688 298
5977 8750 376
8380 9418 197
6502 8862 496
3063 9978 142
2589 6775 189
5934 2856 241
7558 6699 254
2660 9663 21
8237 397 374
2852 7724 63
1150 3701 165
8879 8433 83
7928 4935 297
7276 4350 276
419 6940 403
460 2874 260
7701 6784 311
2456 9444 474
5329 7681 223
8203 6885 447
9766 8036 0
2783 3267 433
5219 1195 369
6516 4824 219
4144 5243 11
4900 5703 385
8512 9757 22
8823 8565 318
5150 3894 0
1873 2097 237
2673 8216 273
7173 999 392
107 6218 440
4328 9087 264
2899 9583 359
8411 835 414
3148 9347 171
4670 4523 88
1989 6025 482
3341 7898 432
1578 6923 148
4204 4097 499
6448 556 70
9888 4884 9
4504 7783 444
4363 2546 280
6278 5695 479
4301 6717 2
890 8706 27
1372 8399 278
6656 6330 201
156 534 150
4656 3334 206
8078 3223 90
6939 7727 226
5383 8443 272
1015 4721 467
5995 9022 185
1849 6264 243
3729 7637 495
9859 645 325
6560 802 211
63 1810 45
7769 9888 268
6712 3179 348
9790 4914 291
9062 5930 12
382 8277 386
8419 6478 151
1514 207 140
3009 66 285
834 2979 87
5545 3042 397
3591 7163 137
1211 3875 316
2911 17 83
6702 9080 365
1566 5814 142
1805 4233 472
1956 5747 32
2448 5109 98
7233 5943 429
9173 7841 323
2922 7784 339
2912 5347 66
6080 8259 84
4163 4961 164
4528 2880 330
9522 4685 63
995 6641 162
5379 5441 123
9829 2674 419
7259 8199 260
434 7474 396
773 386 243
1340 6466 2
8276 6982 316
4292 1510 196
6122 7385 381
8537 4732 374
6699 111 315
2675 9940 341
4594 3551 41
4354 3986 15
8250 1111 253
3845 8803 219
1348 7079 53
6516 1371 64
8212 7493 449
4593 2382 33
3967 5434 144
5134 8109 84
8975 2703 136
7368 7057 474
3235 1659 85
9488 1856 389
8560 9556 320
4613 6072 44
8529 4284 389
3478 5229 272
5863 5548 206
2007 682 315
8092 9658 18
4080 7026 427
4054 262 438
1491 6102 294
7732 4662 351
1053 9276 423
2097 7805 60
6986 7636 289
4258 3499 338
3316 1859 372
4131 6303 382
4001 383 409
928 789 23
2218 2280 125
5365 13 140
1716 7418 268
491 9515 425
9903 2853 413
8193 3464 265
8383 6780 124
5607 7264 427
2490 1265 162
2751 8546 451
3274 764 231
6251 2481 244
243 549 162
3511 1041 29
937 7296 235
2350 5489 199
9967 224 331
3091 2184 95
8870 4674 213
5032 7425 259
1983 7051 375
1215 3302 357
6811 9898 406
9826 3409 299
8707 4346 96
442 3049 437
5641 3016 14
325 2460 198
5920 1330 372
9133 6363 149
7244 4698 200
6120 2265 354
3829 9077 252
2087 5255 14
7739 3962 360
4335 4405 261
9124 6398 130
490 6723 442
7688 8996 124
5912 8129 339
7913 5374 38
613 7846 303
9320 8027 232
1572 114 487
3586 7853 302
6299 8540 207
8412 4017 457
9894 859 181
3836 8548 177
5461 812 158
9800 8726 384
5190 5691 82
6494 5011 109
9578 2936 76
1566 6522 281
3868 9173 174
6927 3938 191
6384 3832 50
8917 4021 450
4094 5834 115
105 1986 341
1489 7177 384
7072 23 396
681 9601 332
757 7519 206
1391 7739 232
565 4666 170
108 7403 354
510 6320 375
9461 6767 61
1928 6872 48
3121 4713 225
5 1785 100
1901 8819 201
3085 5928 221
7144 7319 312
376 7884 479
7546 7992 234
1252 8503 406
2628 4316 25
2541 2596 397
8089 5717 111
7166 2074 248
6266 328 67
1320 3413 496
7541 557 315
7853 7285 200
9184 1183 44
4270 2436 399
5677 1416 67
202 3957 163
7952 2047 232
415 5565 307
4663 1832 135
7731 3152 400
3079 7045 310
9394 1250 95
9946 6787 279
4843 1057 67
8242 3086 483
8662 9641 440
1677 7593 339
410 8008 405
7569 9023 89
5056 3106 93
5956 6185 138
118 1932 388
5214 1878 27
7845 3073 85
9264 7668 23
5747 6330 164
2539 8007 109
7731 4769 469
8488 2338 493
1077 7394 451
3170 9703 137
8660 9821 69
5400 1387 299
8928 5584 373
9865 4848 41
3888 6947 223
3905 5839 230
1514 3570 352
3484 8410 42
829 9487 289
1280 9009 492
7917 4021 165
2838 9421 405
5990 8349 341
5863 4566 42
9756 8455 489
9979 8712 328
4561 226 250
3913 62 160
1956 891 499
3745 2172 360
1589 6441 381
9254 5632 155
1011 1622 4
8353 7485 423
6895 3593 230
2384 3572 442
65 8133 168
1315 2047 83
7328 355 474
2827 4100 498
40 5689 440
4921 1295 424
5576 2307 46
933 660 383
7208 7555 476
1938 6291 48
5380 2708 33
5400 4024 432
5483 7704 287
2810 6883 239
2308 6923 428
4600 8197 76
2524 3773 383
2070 1058 43
1805 8266 450
8781 6556 93
5681 1936 302
7067 3689 178
499 9172 382
639 1982 265
4878 643 41
1159 5243 238
8735 7768 363
8618 6190 422
5513 7996 40
6315 3129 97
3408 5163 385
9562 2230 74
6092 2729 247
3974 9720 81
5092 4599 224
9485 5758 320
5723 4493 440
2086 9463 130
5860 4976 478
4253 7643 460
2850 1051 123
9735 6966 353
6662 3058 434
2761 3385 155
842 4829 106
5919 4314 364
6239 37 209
679 8475 172
7661 4336 0
8992 8589 143
3452 7791 46
3075 3878 12
1280 540 423
2214 3301 308
9221 496 137
827 2767 303
4543 5358 340
2752 2389 167
6776 50 3
5776 9042 444
8771 8846 235
2818 1921 114
182 3201 154
6957 1768 308
765 7341 156
5754 8169 423
1409 9064 281
7101 8169 170
1269 4945 72
9772 7074 115
9569 2197 313
804 1367 235
5918 1550 288
7925 4859 408
9585 1977 250
1741 4083 271
6664 5493 335
3297 2594 4
5967 215 302
5039 6340 376
9506 5909 73
9172 6713 441
4407 8984 343
5547 3261 202
8456 2846 179
8706 4587 115
9829 7603 108
3664 7252 54
5669 3219 270
5323 4610 110
5699 469 19
4624 9641 232
4917 400 68
3112 2299 329
6167 755 175
1198 5813 114
313 1994 69
4921 5659 321
4828 7680 392
8598 3003 355
8708 5054 176
1079 9678 169
163 948 69
8232 412 220
9561 6579 328
89 7778 493
5203 4443 488
625 5717 147
6946 545 327
2839 9143 182
6046 4203 236
9722 5282 266
9391 5445 214
5812 29 479
4532 9591 58
360 6032 188
8354 1235 132
8342 8212 349
341 5159 246
20 4350 389
2702 396 444
438 6470 78
4204 5861 375
5271 1673 405
6750 6205 348
1160 2918 380
3349 7624 467
6333 5966 180
5034 2659 339
4280 2679 41
9021 5381 289
7965 5819 259
8543 6375 120
7270 7998 145
9675 1100 202
8023 2261 120
8755 1962 244
723 8295 62
903 3329 221
2594 3961 400
8635 2982 281
1424 7299 452
683 2194 180
2155 9464 178
5300 9140 279
1002 3515 392
9623 2271 354
2219 2994 1
7134 249 182
8355 9195 143
8608 4182 125
4241 5606 276
2046 2641 470
6226 1148 434
4756 6448 74
4387 3802 442
6279 9777 213
6485 1997 59
1338 9131 160
9520 3838 355
8015 8798 37
9492 3040 495
8268 5086 488
9238 7664 488
9673 2420 436
5599 6808 90
5041 9439 368
3106 5925 217
517 3615 348
4529 3136 38
1384 1151 337
8773 6996 229
8120 5264 315
108 855 331
9596 528 251
1884 2479 411
7975 3873 351
195 3331 128
4412 3849 243
4112 4730 379
7650 6115 383
6339 1240 379
8068 9361 495
1235 5821 350
8418 1770 230
1670 6 210
8081 4333 435
284 4528 266
8412 8940 467
156 3052 198
1387 7055 165
122 3394 405
5853 7815 118
6849 5402 292
5051 3821 62
3782 1843 68
1344 6276 254
2779 6561 282
7545 4973 223
2513 1481 275
8563 2869 182
728 2991 429
485 5197 244
9604 2046 498
896 3449 319
310 7231 14
9730 4927 291
3484 7706 352
1767 5252 177
5342 4117 159
1969 9032 380
5652 9760 223
9081 245 420
6677 6201 318
9675 3449 268
2847 111 351
7861 9842 279
5504 9678 337
3356 1445 441
8886 3139 58
5897 5109 90
5777 7113 202
1352 6194 300
2125 2871 1
4943 8898 303
7563 1745 414
3767 5959 108
8546 1463 287
7383 1172 84
4177 6410 224
8735 2307 185
8678 4436 298
4732 5788 492
1032 7913 215
9886 9209 465
2189 6772 63
955 6891 22
9564 1789 337
7851 5525 361
287 9702 123
9511 8437 430
6548 3467 218
4346 8200 359
4690 5584 272
4257 5470 333
2723 4011 458
9286 4967 349
8160 4531 139
4849 8734 164
9063 9021 366
9686 8533 155
8969 5081 475
2687 5780 175
8546 470 111
8671 4728 82
8004 3803 93
462 9441 60
6164 7601 443
7303 2450 177
3967 1513 199
6685 7552 84
7840 6521 17
8815 9208 297
4342 4107 120
5454 2778 200
8388 782 3
5333 7597 444
894 3761 397
7337 1064 199
8867 1383 213
3066 8068 117
2150 2260 138
2667 7428 198
5317 1770 305
8437 3576 83
8989 8316 218
6992 3650 315
788 4544 428
8537 8233 344
8736 7100 227
6801 6518 147
2418 5020 259
4556 7688 187
2255 9357 310
4060 4146 238
4996 3135 55
6714 6479 205
2381 3619 101
1809 2156 334
8653 892 287
3232 7694 157
2231 112 178
9842 4669 218
8530 3276 75
1692 3688 221
8430 8684 208
3485 5398 187
2190 7779 306
1791 5940 462
5978 945 354
3617 529 400
7774 9112 13
6952 8955 34
170 7485 162
2745 9177 350
5818 7607 35
2026 1093 433
1065 9635 65
7371 1427 357
2185 3757 303
7892 7374 184
1292 5148 297
1157 8453 252
5691 8623 89
9853 7721 118
7704 9891 225
591 1918 170
2524 2983 158
4941 6707 437
3299 8892 194
8954 6784 68
5138 4429 68
435 5586 21
1039 7630 497
9128 3835 218
2746 1539 461
324 2130 231
5346 1007 215
4 2300 274
2441 1951 18
8635 905 303
8555 2396 84
3624 9183 170
3497 223 300
1994 9351 136
4564 8450 27
7026 8774 10
7757 4120 369
7824 4125 169
4598 2918 121
6617 1554 378
1772 6461 274
1356 85 458
2878 3583 33
2031 1929 384
5019 6494 334
9546 9872 460
8908 3981 81
9277 1806 58
8299 2756 476
9272 5725 382
7502 3849 344
8129 1557 281
7939 4436 216
7972 6467 146
3708 7838 492
7895 3736 216
855 2645 197
4288 8274 355
1846 2925 112
8675 2197 189
3409 9700 39
8253 7829 96
5887 2120 384
7103 92 203
6601 3800 41
8945 1695 278
1161 8903 423
7359 3191 49
8066 1390 475
5178 65 172
4368 3474 224
3759 8080 405
8355 3967 25
3740 7422 469
8295 4024 270
4337 2969 317
4115 4131 220
2890 7842 412
9939 5908 302
6266 7439 219
8439 8159 45
3015 1918 125
1773 6625 444
2650 6717 367
3620 5013 391
4742 5702 212
7559 9817 195
5632 9059 37
6896 5350 298
3198 1617 89
2269 6408 248
4814 5775 18
5440 7548 495
2736 6551 213
1103 171 78
9846 4913 280
1559 8824 449
3754 4456 360
144 1352 210
8794 902 327
4883 9523 87
5483 4338 363
8001 6130 263
9848 8866 314
8413 6322 485
1991 6168 250
7623 7727 427
9424 7834 235
284 7978 440
2847 6772 194
7026 8007 218
7614 3490 408
329 7843 38
592 7691 256
7407 6105 430
744 4448 99
8995 8424 178
8774 4200 12
3009 837 342
4949 3684 466
4144 7062 473
9214 4676 315
8622 1357 10
512 1950 202
7620 9357 159
1051 101 459
650 5448 383
680 4222 84
2193 3584 421
4387 4885 457
3354 9029 19
6679 4595 48
3495 3217 405
4505 81 207
9559 7702 64
7070 8753 18
9030 5755 318
5765 6435 393
6701 4980 477
8474 9368 362
