53 52 16
70 22 39
20 8 29
22 70 12
86 54 13
97 10 31
1 66 78
11 60 22
72 11 60
58 98 61
43 3 15
91 73 60
81 46 78
10 20 58
35 6 25
30 56 15
53 9 14
32 72 64
46 44 17
86 2 25
50 97 89
17 89 14
7 22 0
6 84 50
26 71 19
1 2 5
39 55 66
95 39 8
11 86 2
39 72 65
64 74 54
45 92 25
52 51 17
52 9 22
25 36 13
56 89 57
43 80 5
39 27 24
7 91 10
19 30 75
86 46 9
3 44 23
8 96 87
36 0 46
0 25 64
35 33 24
73 28 6
18 67 26
2 26 57
73 98 27
68 36 65
89 39 29
55 48 75
72 84 38
98 36 5
13 71 49
69 96 7
57 14 37
73 69 55
80 94 13
69 62 80
5 3 39
36 58 7
64 82 53
92 81 71
97 46 23
88 15 69
8 24 36
95 98 75
60 30 69
76 0 3
76 57 28
67 93 79
7 9 61
82 1 22
94 51 40
29 39 87
60 47 42
6 94 20
73 7 40
34 83 2
57 11 9
36 78 15
25 37 4
48 20 68
1 66 69
51 95 70
69 55 28
63 14 44
3 39 71
25 74 84
0 31 87
79 19 16
4 96 85
91 45 65
79 98 3
70 1 88
52 22 6
30 85 62
7 88 61
38 66 35
5 66 39
82 97 10
90 54 67
36 45 52
53 76 2
37 98 33
67 50 16
5 33 81
57 40 32
1 30 50
18 35 86
67 70 35
88 60 79
57 48 56
71 2 34
83 39 44
48 58 15
84 64 40
6 73 22
20 26 32
0 45 80
98 64 72
93 4 62
95 61 23
93 84 5
68 67 26
44 16 84
71 52 20
31 10 24
35 30 42
70 82 7
92 80 24
84 26 88
88 73 12
41 66 26
96 86 44
42 31 22
99 2 14
19 86 65
65 21 77
38 91 50
7 83 30
41 67 68
32 56 11
84 49 20
20 46 76
76 40 7
0 91 22
25 11 18
12 28 69
29 18 43
29 26 56
62 19 16
72 51 74
56 35 73
6 8 71
94 84 4
62 37 45
36 62 88
96 26 67
77 7 75
50 89 83
59 51 63
87 75 64
23 31 62
56 89 30
40 84 26
16 98 73
31 34 57
10 30 43
69 7 71
46 10 10
50 69 33
73 8 80
99 31 74
61 39 33
83 79 87
90 95 25
85 79 11
43 41 63
78 10 33
21 56 53
53 58 14
36 31 22
99 31 23
93 44 52
76 28 54
96 70 31
13 55 30
65 50 63
50 81 3
43 2 82
98 56 60
22 44 54
6 43 37
21 36 71
76 13 21
62 61 3
43 74 1
56 91 71
9 42 2
25 37 7
97 36 43
79 10 67
93 17 33
90 90 89
84 66 14
5 28 75
49 24 80
0 32 53
53 41 45
88 18 13
25 67 61
18 47 61
7 40 50
40 83 13
62 67 39
96 72 70
92 73 84
14 25 36
27 79 79
35 67 0
80 92 7
61 62 34
4 21 7
17 62 52
20 76 9
41 72 3
91 16 77
17 82 12
23 62 23
75 97 60
45 77 54
82 90 48
19 46 72
48 63 16
60 35 22
91 77 14
94 68 31
71 86 75
26 61 7
59 88 14
12 33 33
8 68 35
19 39 82
51 39 57
97 99 13
19 42 40
13 36 80
76 60 38
74 86 40
81 97 88
38 61 4
71 70 64
99 89 33
21 92 22
58 89 83
83 8 45
33 73 53
4 2 43
64 76 41
34 57 19
45 95 50
41 19 62
5 18 51
60 91 13
54 1 54
47 85 54
34 18 28
9 74 72
93 91 68
14 25 37
33 22 85
66 63 26
68 20 76
12 80 47
47 34 48
72 33 3
56 19 4
66 29 40
78 22 23
18 88 69
68 74 23
65 40 19
81 60 81
67 72 12
96 72 78
74 96 42
90 52 51
76 71 32
88 1 66
92 72 15
73 40 1
28 57 23
47 38 53
39 57 68
63 53 42
21 27 68
65 69 20
29 97 83
21 86 45
40 30 39
95 55 89
28 83 38
1 83 26
86 74 53
96 37 38
78 10 15
56 76 17
39 5 84
92 78 2
99 18 64
78 65 69
49 93 3
77 46 78
43 33 2
18 29 19
46 8 79
54 64 7
83 3 72
9 48 13
22 47 61
68 26 67
18 75 82
3 53 79
71 48 34
65 67 53
96 65 13
37 71 20
55 54 55
29 64 23
82 38 21
54 6 49
43 76 54
77 31 37
6 54 38
20 19 5
16 67 42
19 5 24
91 60 18
67 89 34
42 24 74
65 30 23
14 73 39
39 50 13
68 9 59
46 81 39
43 97 36
58 69 3
92 60 23
32 79 55
89 22 59
83 87 59
36 2 84
18 93 36
31 13 47
50 12 9
41 55 26
0 13 75
63 57 48
39 42 37
4 31 81
45 66 21
16 3 85
12 73 58
58 56 81
66 6 65
55 0 1
93 52 86
1 15 76
21 54 40
20 10 13
42 55 69
3 23 14
70 35 67
78 94 23
51 12 32
37 19 42
30 12 14
88 65 41
4 86 58
14 7 28
7 1 26
19 4 19
33 74 17
73 4 41
16 7 25
70 96 54
72 26 78
78 67 46
52 71 42
80 38 29
70 97 12
68 68 88
90 2 34
47 27 88
50 43 38
17 14 24
51 38 63
1 69 60
17 73 53
72 5 83
33 27 73
96 96 1
14 38 25
59 37 32
59 87 46
67 4 22
24 7 2
7 60 53
9 30 36
82 2 23
98 35 81
11 83 17
92 98 7
28 9 54
42 68 71
48 36 7
72 60 44
87 19 56
22 28 76
31 62 18
44 60 16
85 71 29
74 16 19
1 96 58
65 38 17
68 39 75
75 63 77
41 2 86
68 25 34
76 8 78
35 52 19
33 90 32
14 64 30
94 18 76
34 83 37
91 4 86
88 79 41
45 73 34
21 93 79
77 69 9
96 56 51
75 89 83
29 4 18
0 50 56
18 84 71
75 28 45
71 16 37
83 62 52
49 35 5
40 13 24
39 9 1
90 36 2
84 17 6
94 17 8
22 36 15
85 11 43
53 35 1
52 70 43
24 19 51
89 59 44
75 98 25
18 40 13
51 76 40
39 22 10
78 44 36
53 82 79
8 35 46
79 87 68
65 63 37
86 4 8
20 31 28
67 50 59
50 1 17
50 40 50
20 70 46
78 23 40
0 31 25
56 11 14
35 28 59
84 14 23
93 86 35
3 53 5
2 3 78
82 5 80
84 78 21
82 56 4
63 8 88
78 17 41
85 4 49
54 88 73
80 33 29
85 37 32
92 91 57
52 73 2
52 9 72
23 92 71
70 55 39
48 85 76
89 70 70
10 77 21
93 57 64
14 94 11
88 86 25
65 90 70
99 42 70
64 66 32
85 36 49
14 36 4
61 77 55
63 87 4
54 32 41
79 46 35
92 34 43
49 51 53
80 2 55
20 66 33
4 51 81
43 18 17
67 31 76
14 94 23
38 1 87
71 80 13
46 24 79
11 74 72
14 6 85
12 26 23
75 82 87
79 25 45
66 44 26
35 11 62
90 1 33
78 73 55
11 19 12
83 31 56
57 97 54
34 9 10
78 37 74
25 16 11
42 34 5
38 69 88
32 60 70
76 38 43
51 1 4
3 36 87
81 94 37
65 28 36
27 58 5
71 35 11
92 77 86
10 67 87
90 0 39
20 76 67
75 79 71
50 83 39
59 16 83
66 82 84
35 61 12
40 33 8
14 77 77
70 39 15
99 30 77
89 50 65
68 78 34
1 80 49
71 39 76
34 58 40
30 93 41
33 85 26
23 99 6
90 21 75
77 21 15
16 10 38
31 30 6
78 32 66
7 3 87
5 89 17
37 20 20
31 5 26
57 28 7
13 70 89
61 0 50
38 16 72
18 0 42
24 78 84
62 37 19
92 95 59
79 32 69
12 63 24
30 73 74
47 38 26
86 51 76
46 90 83
20 8 73
73 85 43
9 99 80
49 91 5
30 23 0
79 35 15
85 65 78
71 64 29
27 51 70
84 49 52
9 70 51
34 95 48
37 56 57
29 57 1
65 87 24
37 18 19
72 55 26
33 26 0
84 54 83
86 90 3
79 99 25
32 85 50
70 22 48
7 51 26
88 68 3
92 5 64
83 30 89
91 15 26
64 99 42
87 85 72
60 16 33
7 48 88
97 18 10
48 26 73
4 66 14
99 11 11
13 46 81
83 38 8
31 2 77
33 41 65
77 54 61
20 61 80
0 11 78
2 59 76
55 15 75
29 14 46
13 28 22
74 63 82
3 94 46
82 79 88
47 56 44
81 76 15
11 28 66
11 30 65
90 85 52
87 67 17
43 80 37
97 6 60
42 61 36
40 96 45
80 95 83
74 76 41
30 39 59
48 51 19
26 93 46
18 80 13
25 75 35
12 24 14
14 66 47
62 59 33
89 39 89
72 14 5
83 44 5
22 44 38
91 70 1
98 89 73
23 14 68
81 79 74
45 45 71
74 60 42
48 49 61
17 22 45
14 57 61
99 80 86
39 23 56
72 73 77
85 97 62
25 30 23
90 27 20
73 1 0
15 49 22
96 18 64
44 33 1
35 84 73
23 24 67
82 96 80
29 34 89
43 59 39
88 49 48
79 74 60
81 89 69
33 38 0
7 82 23
91 69 67
54 45 43
93 27 80
54 8 84
15 52 85
55 92 17
73 71 1
45 53 43
67 86 61
7 46 25
80 89 86
89 95 23
23 89 72
5 95 41
21 10 5
96 17 77
73 43 61
77 88 46
70 55 2
53 62 60
70 94 79
56 84 5
92 7 46
54 64 51
25 85 71
52 81 71
72 7 84
63 36 42
59 6 30
93 11 32
74 81 49
95 89 43
12 81 72
18 36 36
71 13 33
83 18 44
64 90 63
40 53 39
52 12 67
24 5 28
59 31 51
88 79 43
53 91 26
25 62 74
13 33 10
86 68 18
92 84 48
6 24 71
7 29 5
15 53 32
85 12 86
89 52 65
82 5 78
60 30 30
75 95 76
55 81 54
53 74 51
93 32 45
34 91 56
91 58 62
53 44 4
99 85 89
76 19 74
45 79 47
27 54 42
43 61 56
80 66 42
1 59 64
98 45 47
25 36 46
57 42 12
53 93 87
2 70 6
57 67 65
94 94 32
78 90 5
44 70 42
36 71 23
12 69 59
80 46 77
6 3 59
28 9 53
87 11 85
13 20 54
70 66 28
34 45 8
60 41 10
4 78 71
7 90 33
8 22 41
46 28 55
25 8 16
50 95 37
97 60 80
11 31 86
72 17 23
22 77 75
43 33 65
86 41 57
99 49 10
11 95 20
78 73 11
6 75 16
45 73 19
5 36 32
84 8 49
59 31 77
76 26 80
71 12 83
9 12 55
21 75 20
61 5 15
14 11 3
63 56 68
72 14 84
64 98 5
73 57 18
12 34 44
85 57 26
98 18 50
13 39 67
76 53 4
63 67 57
26 30 84
14 54 50
39 18 28
76 44 17
44 56 3
90 41 13
48 92 51
71 5 53
68 33 76
23 97 55
40 23 8
66 38 4
6 29 63
96 5 29
96 1 55
81 43 19
24 91 41
38 62 48
91 83 62
49 6 59
26 98 42
34 17 42
1 75 1
34 24 66
15 20 89
52 1 62
31 78 26
54 16 68
35 7 1
97 8 9
8 34 60
42 21 57
15 22 12
16 8 6
75 23 18
86 75 52
41 59 82
87 13 18
95 0 17
39 49 65
88 57 89
88 0 60
57 67 72
50 35 60
18 62 15
59 49 31
1 90 50
73 29 75
13 24 28
60 15 7
67 4 35
56 44 77
19 2 86
3 4 11
96 74 24
11 33 85
54 86 77
56 11 26
24 24 0
92 36 68
9 3 82
36 12 78
63 83 10
9 86 46
43 34 51
39 98 56
84 52 25
71 9 76
87 33 63
79 77 1
87 86 47
51 23 71
60 38 44
22 0 52
89 43 67
82 82 65
8 66 39
73 89 78
2 28 53
7 59 30
48 47 69
45 50 62
58 62 10
2 85 0
37 26 5
54 8 87
21 68 75
40 94 46
21 96 64
86 55 54
29 3 83
58 1 53
10 59 6
52 14 3
95 51 39
32 57 89
0 30 67
37 22 13
16 43 79
70 82 86
36 11 60
1 69 23
17 31 32
95 83 56
58 30 57
99 63 26
48 15 66
17 4 89
81 20 44
92 43 76
59 31 87
29 33 18
52 50 59
86 97 55
35 55 57
34 6 20
91 54 7
77 71 42
86 4 4
43 97 87
29 56 51
79 37 54
49 41 36
51 27 3
36 14 10
55 49 6
86 40 42
35 17 43
89 56 38
64 99 67
33 80 75
34 59 32
20 61 65
56 12 64
41 48 49
81 3 38
79 41 58
31 29 47
7 18 5
87 82 14
64 16 37
49 2 56
23 23 67
38 31 1
32 73 79
41 6 65
99 86 68
49 17 7
17 76 28
92 63 30
19 27 78
26 28 81
44 51 54
24 41 85
15 74 50
7 67 87
54 67 73
94 68 12
12 37 39
0 30 62
22 1 22
61 79 82
54 23 44
70 99 75
17 15 61
38 74 89
65 28 68
30 22 56
12 86 64
23 38 6
98 13 77
0 74 6
82 80 81
68 50 11
96 67 28
49 57 84
18 74 12
58 4 36
15 69 75