89383
30886
92777
36915
47793
38335
85386
60492
16649
41421
2362
90027
68690
20059
97763
13926
80540
83426
89172
55736
5211
95368
2567
56429
65782
21530
22862
65123
74067
3135
13929
79802
34022
23058
33069
98167
61393
18456
75011
78042
76229
77373
84421
44919
13784
98537
75198
94324
98315
64370
66413
3526
76091
68980
59956
41873
6862
99170
6996
97281
2305
20925
77084
36327
60336
26505
50846
21729
61313
25857
16124
53895
19582
545
98814
33367
15434
90364
44043
13750
71087
26808
17276
47178
95788
93584
5403
2651
92754
12399
99932
95060
49676
93368
47739
10012
36226
98586
48094
97539
40795
80570
51434
60378
97467
66601
10097
12902
73317
70492
26652
60756
97301
60280
24286
9441
53865
29689
28444
46619
58440
44729
58031
8117
38097
5771
34481
90675
20709
98927
4567
77856
79497
72353
54586
76965
55306
64683
6219
28624
51528
32871
5732
48829
9503
30019
58270
63368
59708
86715
26340
18149
47796
723
42618
2245
22846
93451
92921
43555
92379
97488
37764
88228
69841
92350
65193
41500
57034
87764
70124
24914
36987
75856
73743
46491
22227
48365
9859
81936
51432
52551
16437
99228
53275
75407
1474
76121
68858
94395
36029
61237
8235
73793
65818
94428
66143
31011
35928
39529
18776
22404
64443
55763
14613
54538
18606
36840
2904
44818
35128
70688
97369
67917
69917
66996
43324
87743
59470
12183
98490
95499
89772
6725
85644
55590
17505
68139
2954
69786
7669
38082
8542
88464
10197
39507
59355
28804
76348
78611
73622
27828
49299
87343
95746
35568
54340
55422
23311
13810
67605
21801
25661
73730
44878
11305
29320
78736
79444
48626
48522
3465
86708
73416
8282
13258
12924
67637
42062
5624
62600
32036
33452
11899
19379
45550
47468
90071
973
87131
3881
84930
8933
45894
58660
70163
57199
87981
48899
52996
52959
13773
72813
39668
87190
81095
52926
16466
65084
11340
22090
27684
43376
55542
55936
79107
17445
19756
69179
18418
6887
89412
3348
32172
51659
62009
2336
25210
66342
67587
78206
19301
97713
67372
75321
1255
64819
44599
17721
29904
55939
39811
73940
15667
11705
46228
11127
29150
65984
96658
63920
89224
2422
67269
21396
54081
45630
40084
79292
11972
7672
73850
47625
5385
41222
39299
6640
6042
83898
40713
52298
56190
80524
42590
88209
8581
88819
99336
37732
71155
95994
18004
60379
14769
85273
81776
68850
47255
21860
48142
75579
45884
21993
23205
67621
79567
62504
90613
1961
62754
31326
54259
18944
28202
13202
23506
36784
2021
22842
90868
89528
35189
8872
49908
49958
10498
48036
18808
57753
86248
83303
33333
32133
21648
72890
99754
17567
51746
90368
19529
14500
38046
73788
49797
66249
86990
73303
3033
5363
12497
10253
94892
47686
19125
61152
13996
45975
9188
49157
3729
95436
32460
53414
43921
70460
26304
60028
88027
78050
66748
7556
8902
4794
97697
58699
71043
1039
32002
90428
6403
44500
681
17647
8538
36159
95151
22535
82134
4339
71692
2215
16127
20504
55629
60049
90964
98285
36429
95343
76335
3177
2900
85238
7971
16949
60289
95367
17988
92292
85795
40743
53144
2829
58390
61682
55340
53541
569
53826
74232
72261
56042
90360
9117
28023
66761
81
26309
3190
95425
18996
6367
14677
4234
30690
31626
64524
26057
49614
73168
28205
90358
26312
47386
65100
4346
2726
34994
4916
56552
25578
93529
28946
32290
2647
56970
99051
19080
99631
18593
30857
18627
41312
61886
39214
88355
93512
20090
14412
59479
9610
58969
66189
52274
6355
47641
56620
25433
98987
77888
98338
24566
87770
27284
56856
90417
606
72260
25849
237
7205
73059
35217
48518
34945
90783
36873
28458
10873
67637
4289
20483
26607
70478
72757
49314
34471
45729
91100
33459
23618
89438
58025
11388
33074
31233
18157
33681
3493
60358
50270
10699
33417
1839
75569
68363
92622
28794
13173
19847
96431
17462
56682
39390
4292
45791
5057
55115
91521
96157
88574
31491
1947
62951
59231
35021
10537
93740
85054
14030
54098
35325
41081
87516
53516
33002
72231
46139
61796
85404
82338
74580
19218
39021
13970
39862
84812
35379
94977
92685
31536
99904
24176
33483
79207
99759
84857
89744
93499
69911
20127
63950
5236
77560
67818
75105
10563
40049
21244
88711
41805
19934
63291
77375
58955
93614
33589
43768
28993
44918
52805
76882
44822
76982
26717
24030
93093
11574
30126
86593
81486
50253
50543
3074
27814
34713
78179
38377
74762
15775
27088
32919
35710
6732
10294
11017
346
60235
71137
45691
5153
23943
22573
66328
925
49291
6710
94018
77217
36836
96963
75055
87090
63858
78130
14904
98571
72661
69633
89685
4789
13073
22604
56851
19805
49250
67868
36503
9485
39006
82195
14639
62949
21120
80967
80226
86763
87677
90596
63981
40865
87560
39036
27955
67770
33518
59211
66342
22532
45196
72379
27321
58270
94984
84172
94427
44234
52040
47283
70072
7398
45830
1063
70347
66950
82030
50573
53714
86059
57522
34047
26924
45082
89435
71232
29204
22954
30443
11898
45486
75640
84278
89159
50262
79262
89683
61041
39848
41723
8324
26272
49122
54154
27335
35821
37457
9365
2747
91171
11776
60269
25218
38701
21703
14653
9933
50907
53959
56728
62806
15797
48720
47084
21308
15334
42698
10991
76376
98898
52715
1052
25171
18189
71559
52506
54010
9016
78224
73109
16539
90000
33378
58109
45053
55081
89114
71338
5989
59426
28067
85147
75223
76787
32231
96532
92122
91281
23875
84850
90179
76590
2254
15350
11131
73813
67857
81494
99181
46081
54603
15720
52433
87982
90181
97487
59415
79296
68825
65404
38722
96892
50551
30297
90032
99134
43181
98506
90415
67057
99708
80595
59999
1962
12297
87483
75776
80154
68977
91309
42587
39932
23382
95021
44266
13563
8860
3682
9211
77685
69086
64285
90930
35990
94583
97314
51476
54116
95820
41892
37525
95528
38839
97525
97490
51136
1360
89618
47643
70337
80928
6582
26621
4310
17955
70888
34225
26815
74570
43437
20853
60008
7722
11783
12350
18657
9097
63827
89126
21269
22071
26651
33149
60910
40528
30639
28398
41888
36610
92393
28577
33890
98976
55199
54552
16931
26087
88777
60099
657
48566
80952
77017
72641
92735
89368
91298
18184
53195
96776
55805
75266
23428
88954
52528
80308
19593
97278
22197
72555
89672
50774
6445
5000
22325
60997
38283
48412
66127
98382
65421
14693
79334
42439
87334
88421
48159
94985
22957
1354
91761
78762
92972
31541
67716
61852
11850
3662
75482
50399
76217
65154
1173
99015
86506
39851
76364
24790
88263
42491
23172
70037
73537
18859
28828
60871
7280
76987
55856
46590
78341
63970
25352
87665
95511
93069
49517
7361
13083
41351
74112
89300
6506
91638
4667
9364
31489
81032
34154
36104
39875
73679
6141
13412
92538
34969
90636
16170
11956
62844
62760
6649
26814
4465
94314
22326
13886
60183
46039
26969
1535
20152
32621
24393
11790
37289
50109
59631
34673
84264
95735
74548
74295
1877
4313
66833
53198
94949
99355
65155
57793
78468
88156
960
82933
98823
23286
13171
75358
85677
40140
93245
22181
72761
33990
50323
10050
84100
9954
61075
68364
22042
35624
42659
23919
56289
25844
93469
51238
41551
74976
25383
20019
63133
26343
19304
61956
65981
32475
53666
68011
88967
46912
90192
61729
80902
56868
88131
65002
83174
49207
49718
5216
1183
92377
45487
57472
34573
38957
25062
76125
13933
66797
12496
93418
93141
48153
71726
75474
96980
25393
43485
85948
72305
50030
64029
69559
6898
52160
34562
6424
17719
84280
11641
18902
93010
73480
92726
27583
28789
34140
3708
42723
938
32557
52493
10431
80710
24220
85905
77690
49613
29391
63638
38270
79421
27667
7829
2671
96180
58743
9095
13899
43024
37088
49154
52386
10569
58232
79969
55710
92373
30
98433
9663
32587
67279
20094
29649
91499
22351
7339
57464
51742
87330
12086
47515
31349
19915
50186
43881
95011
75634
74133
54387
12722
23287
6773
39643
81519
86742
95354
90244
3124
10139
16259
52063
77418
36353
81712
85269
58705
5404
42733
26799
92734
54819
74315
40435
91087
40853
669
2450
16487
74802
56837
45562
98089
63610
85205
95960
66704
96911
2557
69829
23403
18816
21892
821
71522
3605
2443
46579
25361
61528
73378
34447
32700
64045
74882
23787
4899
75551
42589
21386
50353
99426
66948
64794
63036
68506
77107
46092
65417
79664
15921
88820
98480
54166
5994
86354
74123
8437
32933
99484
86317
6312
33931
19017
86709
25165
59156
91608
17069
1745
12995
67422
1171
96295
48569
80559
64801
25676
26652
46571
5340
58925
51743
20172
13091
74089
6527
3566
98878
55812
3050
85196
62124
53333
4213
65186
78499
63370
56794
95568
65115
86141
79342
82639
82437
44263
63198
63590
69939
6202
26513
91631
65128
78257
11804
94571
52346
34683
98138
51225
90495
17540
36421
68972
87226
40634
34158
65725
20356
90952
77645
85472
93446
73339
68111
75883
17603
47661
55825
87542
70216
82339
79174
35344
60596
7330
46267
29294
42013
60757
80519
48860
94650
33292
17832
81876
90279
51990
63953
10635
59295
41598
96107
52741
14937
80570
44976
32540
44584
801
20083
14800
99492
15609
66496
76440
22939
12763
5735
81304
89873
2606
30164
84523
52251
64349
82751
42530
16339
46704
53165
91986
88302
65625
61079
19591
62547
22407
68484
7131
39561
4919
21931
39053
20528
88427
15494
59819
17543
37581
41123
23768
40187
87639
24643
92438
51988
7394
51320
84680
54098
4486
93018
58752
86463
54098
94695
49010
76505
63179
56142
16066
68098
94425
71472
4978
82853
86966
64797
16748
24547
22272
40516
81086
9912
65159
89877
61900
72553
41197
62932
43003
62035
55951
18107
48498
10049
29154
13861
2906
92334
70003
35325
76784
64428
6797
81763
63633
10115
46560
80381
51014
85185
20897
32100
95097
2408
38329
73349
91313
95879
52634
34316
57914
8585
68775
22765
34986
97930
36626
37892
6616
6629
89569
99752
87409
96366
81515
67395
22833
44428
47776
73847
29613
85026
22300
41062
3786
60629
30763
95100
56508
83397
29416
30775
91982
14544
53540
43320
28826
6518
97565
51794
29499
87134
51546
16908
99853
33062
84303
22686
93842
48432
96534
39807
49810
18834
80869
53596
95815
27984
48696
52324
11382
94465
99451
19716
25361
69343
63037
54187
75861
60602
5981
5360
64088
73879
38620
63941
23293
22924
86628
17135
87708
83162
56942
53870
1996
54163
7466
97811
98500
72515
66487
26234
83332
82290
45950
8693
51633
25339
62880
27494
2293
85213
32854
66382
75444
71475
30323
98738
10751
16951
15873
14811
16465
89168
68681
34813
59683
92499
48977
74535
65014
15464
769
48346
14107
63072
73391
65740
88411
52623
9587
7057
37836
58793
73439
13281
46620
20114
28371
57371
53418
60596
88534
69883
49764
73567
4697
25800
66067
53674
335
47433
85490
17457
12132
15949
80529
85523
81690
85292
38147
7629
92349
92335
66422
82140
21968
13043
2255
50339
86766
72025
10936
91653
58260
77052
65220
62957
19204
31287
32983
19540
78721
34826
36997
7205
67127
33878
92728
65169
19170
47227
72798
11520
39563
39221
93660
77883
68616
12267
28223
55382
84292
55511
47035
42553
32563
28608
21862
51768
59895
71198
87660
54968
22376
41009
62173
89503
74887
71254
54673
94057
18481
43823
21929
74396
83044
31942
52280
68012
44209
96855
39747
44854
52366
3134
3759
1281
31742
41973
69401
91638
13171
73413
62958
51899
14422
41484
57755
5661
29090
28780
16071
63923
72603
38000
38320
72000
69942
6952
40012
30504
3807
79759
75358
72525
82894
79117
90158
14636
21090
59560
22626
50614
32973
1937
18865
63748
43421
76620
69409
88863
5400
1832
52786
78004
39833
7458
66356
26127
14410
6368
56631
34569
86128
48341
23446
85374
27458
13605
10
64901
73165
38989
31867
22490
40926
50732
86238
699
43705
72000
89562
65457
73832
42348
43461
30017
49807
26169
72497
80569
32538
29128
15139
35018
77470
38585
20392
21280
68542
36754
2533
41707
75743
34400
80550
33021
1485
66788
33720
45190
55140
39634
10647
45325
81983
70461
91694
48142
96630
64191
45063
45520
93320
76554
80538
87142
31492
930
8422
34
37685
27308
58094
29780
61708
38644
62802
79545
21784
96522
41087
76925
36157
51735
38602
34492
38548
30296
98986
51530
10840
44049
97051
20512
36956
77589
7654
68448
94872
32428
68482
32557
76088
26576
62337
37797
65220
25139
33694
87005
38014
74782
80282
90523
42869
35236
25015
81417
81884
40353
49299
92724
754
46350
13236
37710
40292
37242
6158
35164
86023
74641
67721
62111
17569
46410
16260
82790
87902
49955
86147
25916
41089
82781
16439
83958
18017
57806
65375
99901
14511
14674
8978
15265
77377
38566
52976
17669
92161
59134
52833
94536
50127
36906
72999
67697
83316
89260
66839
87570
55567
52986
13486
13008
35767
46277
96966
70136
20435
78693
70037
34946
9719
95367
50212
87096
33934
19540
21117
26095
78674
73950
20631
28802
27208
93630
12851
10525
99242
79690
14447
71161
32676
27934
84169
84795
90563
81135
54931
27351
76180
41320
62297
85900
36688
28861
72996
86974
48401
94114
13069
43428
84416
50052
88582
11625
43682
1433
38502
59277
81123
52949
46790
30151
97235
30960
14946
87799
28447
86229
31502
4628
27549
93799
90528
80589
39013
79876
67563
3766
73990
96984
47194
74759
47036
35776
86384
7071
37209
41238
82700
34684
10539
29490
64835
7775
60450
79781
11926
5250
82362
43428
9878
26264
53579
16758
6853
8944
96634
90769
12711
86977
4105
76257
61736
51142
12034
64472
74565
65595
5710
57265
16632
16249
3107
81467
40376
63558
77601
52302
85160
59963
12082
95038
86227
82014
11796
9433
90958
8430
16554
3669
95407
20659
79927
73495
71801
8313
37967
62718
90260
60029
36335
6892
92631
39443
4712
33007
19353
82313
1662
4513
58628
30096
99551
44856
12110
27699
70641
3069
52481
87195
23090
47889
7854
19369
37736
96008
27682
75704
58726
34295
35733
11414
41187
28364
50857
62251
77724
70210
44564
95738
74723
3193
25834
90626
64401
37945
18325
51394
57366
70806
38589
80456
35047
62795
99826
72784
58803
43860
64840
33882
78155
573
61648
35695
45290
12505
97946
39366
99067
58863
35104
73790
78408
77290
80768
59161
15235
99093
10555
72601
86251
49144
69410
37651
28291
85588
10435
3447
29448
75275
53681
23956
92200
15329
59651
53842
27834
73949
9560
26901
49164
44664
17043
27572
21955
97811
86733
53542
13256
13640
42496
15859
79136
28258
53510
7428
13846
80297
10875
43294
71924
64556
67250
64125
79885
43253
34319
24071
33555
43880
67324
82719
4896
84367
26644
43203
98530
29729
96746
11786
43370
55594
27645
38858
83852
97508
46286
97698
77805
73513
57344
49730
54421
40947
30207
50658
84200
80878
74729
34107
24758
42053
33179
46007
42772
76175
89210
41302
5904
2308
69440
65626
57902
97086
4485
58106
10946
67123
55804
88751
40637
29501
54833
11410
70448
1392
62069
71000
82271
53150
5108
23381
11556
38287
69388
54328
14462
74951
11983
36718
77259
81423
2345
51514
94861
23182
25972
5807
6657
98129
10911
47294
27630
65744
75057
98078
67137
37126
69078
65760
6628
74186
89141
18184
28825
74882
88865
59639
49833
848
96358
43444
98623
15055
11310
93485
54589
37283
15644
61246
35412
26555
24893
63042
92300
99950
61120
75789
53428
46550
41549
60056
20737
47042
78241
65914
21924
83458
25554
88109
658
38264
31554
99281
53319
59216
9118
24260
96499
24763
85506
48263
51318
10399
11305
59970
26701
88777
52111
80129
35328
10012
40186
72417
57055
34779
54683
78979
34589
80237
67089
35247
34853
14995
50880
4524
74211
59999
28784
70711
1114
30643
35326
68784
41042
46632
45107
84096
51761
97218
64225
3441
7231
20763
92210
64286
71894
46894
59617
22835
43483
43058
58082
78337
58053
25315
99213
48617
85314
27998
35680
2780
58641
71006
71564
16035
17638
33023
131
85752
30242
80709
5545
53825
17824
97756
34463
6071
61002
94080
28906
4485
53491
86989
99174
11544
28656
98388
60161
13970
42738
95841
33102
1379
66848
21018
33766
838
54042
50250
2942
84284
30959
8488
54461
65135
22596
88924
71206
83598
99356
113
4435
52847
3454
19962
80744
32110
34702
57257
62432
77440
69451
11886
95171
36299
32904
45289
53489
86946
95539
72784
87582
42850
81272
42043
7986
3868
47319
79192
3818
46676
95657
8253
15875
15463
28215
96619
63925
79269
53877
42709
56709
39680
54595
68232
92331
87500
13522
45820
74446
25413
34956
62029
68264
16228
20424
76250
36448
67744
71794
56618
30772
83804
64872
46647
99267
9439
59619
63193
88709
29848
22254
61770
69528
76850
46355
61859
64350
76229
24031
55148
1642
58988
17177
69906
91568
53954
62508
44369
21698
34303
987
52470
18107
82211
15469
33726
8003
91440
13271
13064
21288
35526
91186
90816
12376
37541
69027
93078
30122
93059
48226
31765
68399
65404
18023
59967
19358
80532
20688
57408
31187
21676
26230
49294
20239
58051
99372
28242
49492
12644
41306
70780
64522
32493
77949
76898
86386
63328
69976
16509
56387
18202
64626
41138
99958
82649
17458
35668
63181
38146
9428
10720
76174
35658
60014
96414
10062
75739
24656
59554
4735
82315
30334
69257
31160
24635
62507
17546
87964
32483
34055
60703
67037
15033
1842
83348
97683
19300
35368
77216
57446
61149
87937
33621
13159
64303
46387
23221
40042
71043
82775
44777
69710
29462
30386
870
54097
92893
18417
42061
41728
68824
19117
8766
83858
20959
8466
97893
40259
60186
75109
14057
21335
63046
64030
34495
43702
10417
57716
96
97813
40492
44874
67523
86306
75260
68394
40403
84506
3163
98817
26234
88339
17934
51352
88549
38893
59818
86442
95504
20005
77904
25913
57692
57302
89944
92187
1004
361
66256
1101
14526
6748
62327
82050
93054
53939
66796
49809
38445
86311
48626
64680
91002
82912
16032
79552
38157
92203
82346
33661
28560
60250
75927
86252
17553
65871
78440
18557
82584
61048
36010
97111
84148
98337
95513
93554
52277
78661
43363
7074
81324
8342
71754
72326
91254
4139
51878
45764
96342
34225
95777
24902
10827
71704
11154
28380
37575
5946
63290
20160
66994
99300
33623
51142
13990
45488
44696
82619
24149
4412
89693
21825
12754
61448
94151
20360
65587
62382
66124
61929
12959
61902
3183
23786
33606
14337
52167
87534
36636
31809
24046
3630
31109
57669
71125
61451
3157
32173
44070
43658
36585
33764
65483
49339
11564
75986
86052
93503
38368
52176
55432
51327
30430
74967
91466
64037
89304
43633
51571
42292
91794
75617
62275
39255
49638
33400
707
69147
65573
44777
29157
2159
94893
10992
67850
6457
86978
53902
99960
25347
22431
71744
93026
52861
46711
84492
16898
52368
44477
84821
94660
36271
76790
73287
91879
42780
6687
92586
28279
88613
37363
57436
7124
48609
68428
74974
55066
71759
45229
55027
13458
67660
26771
6484
36873
89835
7329
70124
42203
68158
54945
53215
20782
48088
26503
12661
90868
49542
5247
35500
38155
58962
92936
61631
7571
77717
52958
62638
49476
98187
34017
62934
82199
77140
85770
19072
83327
9451
89196
41882
77610
60494
95098
98392
8582
37953
11053
15802
3847
32652
67654
58355
91614
60591
19986
15538
54660
72944
94528
20488
87483
28545
83422
86034
22037
85544
5107
5365
94996
10655
47247
72606
71149
58697
87350
96083
13002
98403
28238
16850
31055
95892
75205
39021
72835
95191
70911
27495
84488
65439
47983
88323
10336
47757
74358
48726
33302
79465
54091
44650
90120
17690
33608
77622
76388
20958
90057
89390
19361
18295
6240
66768
30540
97797
22141
3375
9341
93053
47223
93829
74844
11558
82152
1533
59316
56510
50259
8970
52327
4350
69972
58800
22040
3580
52774
14780
24538
42831
4171
43899
77479
26763
27019
8019
24561
65512
27746
50254
74917
74969
44083
49762
86528
42587
51295
62196
15450
1554
71166
84129
22256
41138
42929
44296
44718
12055
75429
85608
54887
79600
29507
48718
22715
72878
56737
63628
38390
835
13882
13308
75805
74317
79422
78685
33257
47069
40881
48707
48623
28399
32836
70879
85889
92118
31527
30607
4173
6956
16215
75412
2908
62074
24130
41976
51304
97219
21956
6046
98055
35839
35706
90212
26508
15128
68897
59765
62197
26130
8472
27172
54529
57661
14403
40418
66131
62283
87377
86656
85591
19944
62069
4852
98370
2551
46828
66026
16123
68784
72072
30530
20975
7779
37094
47484
39259
5991
7249
17809
48473
32074
44981
3002
89735
75737
59772
55866
38020
63501
58874
23611
83445
20943
44815
98167
39847
91643
64193
72322
76780
52617
19204
14107
60396
56298
61591
16008
62289
85193
33817
10762
17267
95150
30116
23354
70887
6240
95572
25259
69741
54446
65223
69538
91742
10038
67705
31589
1682
48250
20263
94814
867
39467
8921
77616
95765
86865
93624
74406
72058
27441
1520
89325
22591
47988
12679
9831
54228
8251
35090
23969
62697
313
9859
70791
10352
93916
18732
28386
42166
38995
23200
59385
94814
48473
37001
90579
35338
46977
81337
7396
74418
82857
13073
13362
30845
42104
23193
1425
66707
74635
41746
29405
74949
51605
16548
1653
61873
35281
30039
4039
74276
69591
79777
69091
18064
33130
76022
69755
80108
57360
77151
54526
56569
6577
84240
87415
48681
7433
5192
15389
82069
46939
61146
73370
14896
77694
75023
76770
12975
21414
97161
3604
91005
76938
72695
25421
10069
65069
95176
90177
22429
88680
61055
78999
95257
45296
82766
43938
69081
87958
75679
67502
51249
36825
57224
66146
30872
32247
42916
43847
53661
40077
47451
61018
17016
36498
86440
43437
1568
81616
49966
40349
70296
11021
19348
81905
72669
18466
42196
41751
22777
17875
25605
74026
71053
82830
40172
1925
31429
83088
45772
1443
39518
9576
62461
72886
62426
48901
16323
63994
46870
66289
20696
33518
93662
56396
15424
66332
74863
57620
24435
97640
91847
66392
88018
62900
49222
44543
64825
97004
43983
26950
98447
83501
52878
60908
56387
15304
26162
89062
95651
73032
55351
16347
22902
65366
72743
38326
48050
63958
12298
88837
77950
20498
55229
65969
83398
20804
10512
64576
17808
70847
7878
16255
54349
77108
77163
10736
8764
19677
16151
4415
92709
87854
37114
15612
53220
26210
70290
1270
90168
98941
90107
84471
19439
61689
50440
19189
82493
77304
117
16653
48151
24347
32908
18852
1455
26423
45941
26572
46101
62092
47339
55162
49946
84454
87126
19519
27016
73769
20789
17184
72710
27249
1655
8501
5290
68447
44042
87783
62103
60512
20788
26607
1211
53696
61811
19019
96471
7752
45591
58924
86196
92930
14087
36143
93736
17565
55662
20752
91334
92803
54289
80396
36404
72296
88897
41694
57096
49292
45829
19199
26156
66617
62158
27367
36665
40322
46386
33137
48074
91977
92061
34271
84908
22500
86766
94996
40066
58780
15749
31400
67935
70038
11797
4340
42334
17046
62386
99430
82690
8216
34982
8846
91185
13492
36214
27851
53814
98952
77340
18241
90930
85753
68864
92190
8254
55630
87186
64672
30762
19287
96072
98697
89325
24221
19389
31660
57620
81776
47442
40310
89992
82424
65509
97529
12269
18075
25380
66083
17027
2720
84324
24309
88474
53188
16499
13080
25170
20038
77752
55932
39325
90176
70982
28651
14398
90371
76663
88370
72147
40457
45032
78491
39234
10541
76021
51503
28616
17753
33938
61996
36826
18263
86305
41652
87803
19157
54732
29326
39195
48836
85258
78520
39012
72592
23523
69762
62964
16538
58132
51463
73348
3165
46307
12582
30058
22328
80437
75027
56433
14375
37023
93259
48990
23328
34911
53146
42485
5995
82472
98032
54831
84082
92905
10196
56675
16428
79958
19639
49319
54443
87454
22667
73960
33761
51601
20370
72441
32038
95397
28875
46413
32420
38486
11756
72101
73398
64902
30938
95745
47374
45323
66929
31456
38228
77125
88131
71008
73435
24122
36679
44230
11577
59346
18190
61690
10947
54913
34132
59337
50310
63007
5751
99083
1493
17507
87536
91243
82409
34826
86989
46135
80149
53918
77591
18377
47395
65723
5738
20830
6197
42417
81413
17774
18116
15955
79465
45415
70868
29949
4753
21179
92956
26856
36614
10801
60715
24150
18397
59476
58976
21738
5611
39126
92008
83202
73855
39403
65277
79593
76585
71475
22011
57998
5601
40127
90306
1418
85542
61174
31367
6647
82353
24323
33503
18967
51477
94218
59469
86226
53694
18446
7964
59305
73924
99972
58860
47779
55727
24137
43725
48664
11964
65736
23015
17566
22215
13321
18984
24109
74495
50352
30757
73201
91027
64260
8520
58856
74831
67990
45082
28525
2788
53046
4183
76712
69370
63043
24491
41449
3532
68216
6466
15497
50304
29481
33063
88871
59154
68399
12981
50001
18751
60090
23202
26131
40702
48075
84987
15533
16065
30070
60411
35205
99468
80946
11917
85191
43989
52760
42992
63873
37329
49458
79370
87633
95291
28785
92857
70797
13537
22190
20799
32288
82280
60353
74771
39334
8428
59759
71220
40845
6181
47983
76050
22001
28929
4319
7192
89270
57080
66537
53143
94409
32347
48866
98394
27639
94003
7603
14788
7540
29793
35587
56181
28425
95941
30952
84112
20721
7063
55332
61567
13244
3315
53969
35246
32244
58289
58790
21514
31721
25327
91009
26130
57675
39875
40876
1666
50231
48480
16454
57771
94625
52042
30304
39403
64335
61257
23515
85056
84672
78847
62975
97917
98514
16945
33163
30758
91586
91953
68624
23307
17281
59633
65789
91308
15861
23017
92974
66092
87849
9428
40215
82475
77822
86872
38230
42157
64481
61745
43566
49153
40592
6541
47070
55458
39838
96585
86216
31424
88539
71192
71083
22172
47177
36872
29832
63038
76242
22806
45482
64091
48586
2050
62918
26409
88922
1148
84918
69755
79245
28484
18908
36189
51378
65979
91647
91216
62564
94215
38993
67455
65407
10076
5979
12585
63301
35811
91975
55895
74969
53810
19986
23556
72212
99257
66317
77486
16757
51235
47241
96003
96072
66149
32192
47450
48480
23840
55018
27397
18055
94011
11204
99815
20440
17184
12400
93
69347
20727
55988
44317
74537
75974
67873
63101
91583
34190
40587
8341
1777
87828
20696
14201
70330
52888
78003
18810
93080
33022
62559
11136
43385
73764
27303
80177
7300
56055
80270
76647
76782
36258
20964
67672
28585
88837
30773
20168
39379
71361
44861
57509
59189
65557
71710
29519
18446
66066
64682
27878
99088
27241
55366
58825
17357
82669
39003
24657
38724
35625
1305
15507
71884
22269
99531
469
27459
30304
36989
83190
1665
81851
57051
77207
47408
28762
23078
82206
94828
87760
10085
10268
31354
65451
85445
48711
48121
40800
73369
86845
76426
91026
18704
64662
13295
18235
65131
57106
48540
2120
56649
66557
323
13700
60116
47732
58814
83195
46290
53642
87307
56375
80262
35013
38179
82060
77
86300
22860
73446
89497
15638
80824
24554
80300
10471
42789
45431
67578
7681
63904
40579
90591
64227
54279
50707
28311
13094
50254
74602
83088
53914
47329
79703
5279
85508
61763
5356
88160
975
95154
94010
16614
75978
18564
96914
86450
61353
58698
70380
85387
38954
10959
75978
19533
65238
43037
47845
94684
9644
38799
77773
63558
86128
73828
68837
87989
35591
90546
76149
52918
85700
70159
69532
61679
88723
82799
48129
66429
41497
18509
51816
96803
45820
44146
16336
11058
87183
80533
22095
96827
19332
16220
76737
21813
90048
61927
9802
41991
52473
2303
94909
54525
72463
64442
16204
77538
63593
80685
60319
21442
15546
28487
18245
61366
72633
34581
88777
76169
15115
10872
89348
50799
27092
82438
72612
17140
44365
82414
59131
13190
1070
70392
67715
73533
51186
272
67423
14779
80957
44095
36221
96504
72582
70818
74222
61568
21752
62999
54089
53219
73871
59789
4018
17315
42227
92983
34455
2944
91749
9938
16134
92819
96683
202
82704
47869
474
50128
62649
97783
94223
15222
10639
83157
2393
84862
44725
24145
64213
15166
77364
54437
74956
97734
71752
17183
90717
22560
36480
82467
48850
68966
75286
45533
69168
57991
93403
85994
24471
72404
83778
35046
3978
94417
34555
6371
79279
95633
46868
43493
10799
40584
14282
85755
38319
86034
19291
45388
8594
55771
44207
73797
41089
19494
19330
10258
93837
29085
12604
34660
1489
96382
86058
21820
90800
20613
28191
86431
16246
91412
46276
27046
31996
60558
29153
86667
62945
48444
32056
87891
20567
76263
61688
78009
12109
81019
4619
22298
26456
17223
56958
44298
13606
43016
66118
20758
79982
10661
23541
96228
2073
69818
39626
34070
46728
68780
20737
9673
33576
69145
97565
70496
45409
59253
48505
73870
56624
53124
96169
99433
70347
53127
43731
305
12496
9849
21063
92478
20510
60957
5058
38936
30775
44685
89358
77503
13465
26447
3529
47041
95593
1094
17537
57354
76699
82394
31224
49676
35518
43745
49109
22218
13225
9192
22523
25721
19041
59939
34551
55903
20896
39609
11191
68023
84294
549
61878
14111
26997
81759
61153
22590
82853
95042
96296
75905
93789
43872
41933
29307
87618
7394
67877
843
16586
6753
42916
51979
66692
77467
7882
3940
33428
19074
88315
17723
35975
66545
31834
62972
48305
9339
1914
47510
20734
98210
23415
14523
58435
81700
60182
46053
89094
28060
46896
22032
34813
89812
74011
17857
83631
81894
38149
17059
17320
42816
51134
53295
9361
99321
32620
57666
25012
50886
5177
45746
65449
44944
76621
23884
26645
53156
69937
32091
81216
33185
54124
32381
39349
44487
66590
22980
26381
21091
56391
60053
63907
7526
29701
73268
6847
78673
47287
48211
29559
52464
10310
95008
13760
86931
35244
56757
40087
21533
88849
37655
54718
59325
86388
94067
3812
52978
33399
46546
74069
89791
22951
54328
13669
69004
27597
36868
47677
74884
85079
93589
43700
95389
4949
57460
98673
40194
14218
55112
61727
19419
9120
16446
95096
95508
26865
15260
64839
76617
61806
55260
66408
1110
9589
96429
70114
53538
33297
17792
44774
34728
11381
88474
30118
16330
62286
45143
72876
92856
255
34604
28627
25727
67402
40075
21236
10619
55336
2427
87236
33494
57687
53644
34604
67276
50073
4719
37166
99722
38863
81940
34451
66596
86766
80921
99278
65405
26064
72155
58261
42671
23111
3241
68399
90513
43316
5987
1132
15004
8414
4721
48499
66101
58365
99455
49730
24791
20526
86896
40865
59389
68837
75316
42337
55603
72589
41616
21008
15005
30123
95622
57677
69586
15215
42428
76451
74883
48415
77583
89888
56829
98656
54739
39282
57022
54194
89012
98165
74721
75909
55382
50462
44746
47051
92800
16701
19640
50768
54062
34646
97243
66036
8675
66829
97603
51103
43280
72486
99518
37215
78726
72699
35872
33465
11981
9246
87660
994
23763
62381
93255
79145
12843
54353
26196
21995
71054
62189
72763
41468
96835
86358
23856
5510
53187
21459
72965
96467
93946
72483
33683
72672
61534
85907
6138
73515
95153
10150
74509
18916
88883
67764
98061
18078
38469
40610
40074
9524
2799
29189
67344
99634
15548
91201
21496
68735
12660
94461
81555
22958
83296
31590
95631
44830
17497
18121
34697
12650
44623
25559
47918
33506
9675
62331
51584
48145
2941
8010
57669
5740
37200
41365
21726
69100
32566
59574
37835
45227
70387
35742
84537
53683
67332
80168
14865
84829
14641
49563
13831
59264
75122
61749
92770
1149
24081
60707
49294
27022
68717
23315
49115
5917
64681
87193
75017
97247
46768
29205
58826
17155
64947
43364
87191
48632
39884
2056
33461
70878
67971
63645
30142
59445
25394
39265
60595
65827
99972
9889
9202
68689
33205
58317
90959
97886
45510
82328
11485
8630
27885
86664
25786
9185
46380
12977
57817
86264
31385
7630
57142
15709
71275
3637
75154
13022
42902
52101
78849
59226
61991
88051
44267
11548
62720
35226
25786
24583
33907
37271
33213
61792
40287
75351
87329
86667
4680
45146
72932
36066
52777
46426
68127
40404
50063
43281
53426
9317
11735
48628
68543
90078
53031
12811
1626
32104
64389
27412
56687
98296
81035
6252
76441
37675
81604
63770
24342
86284
8917
97274
38702
78046
60053
6829
18450
10116
66463
88229
35786
78198
36857
4329
68276
89888
17140
86254
21992
81530
30018
95031
96178
27405
1284
72619
65080
99240
52742
89423
1876
61659
3049
56931
56057
63102
63760
90859
89571
46575
79088
25357
24773
15945
46038
9401
22186
79531
95655
60530
77413
25673
55562
73591
53079
73198
62563
18159
88790
15305
7582
90666
93316
26984
47597
49373
90086
27710
56584
96009
74285
35673
37718
15411
67970
83757
24812
6508
63288
20468
67039
40701
62493
38953
30644
31924
12151
9559
50084
17293
24864
74018
7959
34532
1002
71909
257
7441
99619
56842
19802
90256
92515
57521
5667
76837
57630
46832
83346
20918
83652
50385
77971
46145
5690
24967
78070
17841
34527
44506
51486
75743
34876
59445
10276
35879
47706
26885
59672
63677
83727
79474
70286
92594
53347
75953
69432
10977
39137
69130
48247
22789
19515
42570
85287
25205
67538
79709
59398
18417
24215
10884
10512
59091
86681
37140
11322
50740
64026
87346
14417
64105
66821
1055
56700
20168
77009
42484
47498
32498
11614
95745
55288
47481
38316
56927
89038
22206
36636
64788
56975
77203
92024
67487
52646
95057
4628
63969
45797
68654
67667
76567
49111
34488
77622
5811
71009
70983
64647
18507
3482
92613
30604
75122
40094
68920
48401
45484
7478
85037
10272
64453
78592
2296
31941
31238
97354
52921
11559
43151
37927
79227
36070
87038
30067
13693
9202
17428
1028
73849
35935
4510
82815
82892
95984
22909
68164
44385
84746
75643
45774
95018
56448
24366
97315
4741
71957
11021
57662
99868
70524
11941
79095
6595
98980
25515
36640
8182
42943
37668
98383
95231
58531
81198
78123
70867
20460
62639
15253
5206
38282
61027
224
94731
1746
13891
15824
73703
41264
73487
89923
11789
85428
85371
34736
760
10886
71376
8942
70181
25396
23678
81764
279
4876
76239
71147
25336
38879
2752
46894
77161
80131
47119
88244
81877
77362
4069
71932
18627
93908
61856
46768
95688
47227
81504
96449
74465
69232
21743
44646
10980
61773
26411
11260
66650
2650
98759
8338
41529
1511
55233
35043
97994
18704
39639
96224
12418
60060
68156
47397
53968
46364
94165
66009
9943
75669
62458
760
44901
553
61759
72234
62327
4522
99846
45329
23524
98605
70019
65054
16468
41604
16449
14462
76660
72440
10686
89079
32501
95195
36476
86469
57911
30642
68830
84207
22663
47640
84967
83917
48194
63078
56151
26873
67600
55997
72202
91125
54602
58573
72531
87422
178
88980
18236
76838
61420
28923
65917
93921
40470
18746
96743
14733
65740
81925
98940
88403
29566
260
72320
94112
63338
44823
20985
30939
820
9539
38416
71774
68112
10947
59196
68290
99927
93785
61481
77699
39060
43750
87973
79530
62496
1068
10615
28236
82993
9556
32992
28911
26168
21664
23023
5858
66488
44008
53149
67308
69899
91565
55435
54364
2512
30983
22654
18791
24768
487
12843
63828
44238
816
59710
6734
18236
70326
51323
17581
96234
84315
46493
22402
5979
69516
28260
72467
29877
97762
56128
99776
89327
11563
54140
91840
58898
93147
10631
83667
93634
23474
47495
54224
40642
23558
60959
75230
93884
28634
92812
90118
12949
55657
28872
35280
25173
73484
24100
71402
71246
96580
87531
60574
24495
58023
68766
83393
67522
79397
67060
61157
19224
30908
15381
76218
54466
92692
51449
64702
21326
60613
71172
50627
16270
44
2260
57795
73528
26360
45550
61127
22940
33081
38053
63787
91104
6819
47180
58627
2568
30593
36136
38144
77853
67869
14363
48671
76914
82164
13373
14592
59129
84545
65220
91751
941
67480
65898
90821
10192
11448
51948
49484
44529
90001
13271
51986
13172
76803
26965
15741
7396
79453
53885
85249
63674
84600
50272
40588
66764
63645
55181
25893
64542
36753
33996
65483
20585
99895
72657
30777
11343
24605
80261
72225
30959
9884
40563
44131
86687
67528
76224
10436
63333
30110
12037
27007
14710
62310
67596
97827
42307
39129
40072
23202
92234
74069
5037
12819
73964
77694
59948
85307
18652
56561
57532
49611
66445
98095
10094
69484
81975
86319
79920
45308
16429
91958
88668
47491
70620
56264
45318
12927
11745
85391
36129
3979
75812
41167
33150
49776
18861
93098
35083
53865
49659
8968
3476
16104
23415
29923
1940
21743
16242
81861
83403
49023
73819
72071
12866
44439
44687
58185
73718
56432
59928
9848
76763
35740
67367
9913
1868
2580
19363
53303
56446
69022
62271
76274
1478
2039
6197
3419
23782
22439
1632
23537
87814
75451
95609
681
36242
40296
75218
26312
13081
51498
52512
89844
3590
19879
16110
5458
38812
51825
75113
11610
20848
37385
87884
38678
55776
94082
58449
95910
32873
60081
19447
37040
51884
15056
54073
4478
55353
29291
30791
84786
97141
83303
90982
731
19535
23444
22541
58347
75270
97654
69957
12470
51391
74193
51148
23519
68275
9598
19429
17501
69679
38877
70893
37916
70285
24966
42394
41990
54257
73185
26776
67750
56489
17759
84833
92376
41203
23726
50723
16473
37732
37032
28943
89124
11225
96444
12643
95853
22394
48425
29706
8425
3654
599
46341
73939
25565
88736
15930
96174
61921
59058
63924
34762
93169
65109
27138
34373
88835
94213
67198
26567
31245
12494
32043
58823
25290
44687
71028
47684
9464
734
56109
13118
17685
2451
87057
59602
91187
19339
55776
69460
78398
36052
4223
87919
1161
31361
22292
6348
25575
5843
32915
73172
34689
64959
48347
59979
25998
19375
24015
35462
36461
80124
64932
54146
98927
51989
13748
6466
87681
85876
75927
82431
38280
80150
70350
55793
27863
8995
62141
69790
31190
11409
59315
65879
76368
7662
42210
18718
43390
66225
54180
79851
62701
19112
33998
77981
87453
64098
84447
91486
66327
60374
73917
4607
56876
60620
60401
1092
69615
38894
70882
805
50303
46549
83036
43023
54212
41598
61741
97602
24175
32273
93805
3228
67737
27803
81209
55191
8254
65657
46677
74581
42383
36947
95540
99260
97567
72293
352
83534
27540
87586
691
77843
34136
83727
20867
4700
25325
98960
18654
65852
31234
12459
69080
98971
56615
50290
70514
81221
32299
33544
72154
74682
70491
67694
73942
84410
56340
90646
67944
83880
94585
68635
78075
45073
68714
98942
49773
10391
14255
68427
76243
45489
97238
45323
44460
53853
11965
31327
51426
44264
64871
23580
18947
35362
91275
9241
19772
63967
16240
4068
47847
10825
72703
25922
55898
57769
41217
22023
68160
55472
6802
60755
17313
4040
6078
78125
74246
34396
9452
25672
78660
74323
49253
97607
26037
56880
23201
62161
20847
39441
66229
85046
50266
55284
27320
22516
13053
84889
44539
97565
56713
51341
58320
74026
55381
80751
68504
45979
15147
77956
71652
93807
68632
37257
7767
94669
10489
30968
56831
31336
70409
23060
32734
37027
94697
60054
59543
7750
44944
4082
21668
1657
55423
79988
92036
27156
77091
60540
73136
92238
38496
61140
2398
7128
98397
10165
18150
25238
41133
74981
72926
27894
14393
5660
64921
9090
82066
24464
33193
27010
44898
54861
45020
321
51201
53408
43829
28293
13948
16965
20531
68796
94457
22929
92277
9206
49446
10427
34444
6931
1760
7370
34825
16153
13030
16098
25244
11449
56914
74789
54811
1812
29650
99831
18485
97203
53239
62315
25496
83539
95632
62380
52336
6442
1661
44613
15648
51108
71392
50093
74391
73152
73815
9217
89305
3198
41667
30901
14647
14934
5690
69458
16746
51692
85642
51584
48896
55233
30251
90744
38773
42235
53124
91109
48677
54786
52074
64326
22246
23466
30771
12989
96618
4586
38558
85923
24136
80226
33177
38783
95160
38867
24594
28258
6912
10236
79842
55808
65469
26445
46552
4242
68681
16029
11703
17358
87167
63777
98036
25765
3595
28807
38754
213
49746
77313
2489
73882
57539
35666
29018
69051
90885
53612
97309
14149
80200
93504
69957
45669
19949
32862
66264
88630
48891
94319
22341
52410
74449
20377
78175
78044
65537
16929
94610
31635
94242
97099
21869
68133
49117
50887
37184
56354
20851
50846
70504
1051
44350
56813
63073
80651
89675
29337
85634
54918
23656
7975
7328
98105
44704
85503
92502
10241
18785
87112
41876
13027
84211
80098
97513
49680
30985
34697
22386
68189
1895
92890
69240
46245
66056
32313
26897
72083
78002
12531
27002
1659
36858
50682
16116
81562
52538
8618
91804
71323
95730
50032
702
96293
46482
98215
62325
77468
49265
1064
45657
51160
10306
31249
97406
76362
79915
40655
48446
57917
69538
91800
59576
6396
42482
92045
4310
95020
17015
12466
66343
29098
78851
67046
41743
25333
65261
20421
2801
30878
21485
64810
82039
31791
12412
95797
8154
92327
36452
56600
50244
22342
48400
26173
45090
7234
34570
49400
2255
51585
61867
84950
80683
40718
51996
38779
66051
33610
59200
85205
64488
80685
66367
62879
12476
78779
58676
36982
87458
95128
9934
37703
33822
74686
80228
78912
81921
14798
28313
84176
82735
90180
85478
79771
30898
37475
18550
13301
87437
77750
98506
68277
74787
81226
31157
3615
60005
89833
40598
63816
1314
50532
1519
35136
25219
98099
14049
23492
29249
42362
24020
11984
48894
9498
91755
96144
63325
26657
9445
50762
4407
24304
35392
95546
5530
66549
99162
81887
72734
39760
45703
74048
6644
63574
25537
48215
61673
55938
71707
90922
14652
95727
19259
63546
5226
11014
76042
68551
54024
85487
35666
74783
26143
71058
70330
31673
53959
69492
29913
26693
25604
75616
17094
32248
39191
42631
96816
17216
98569
68523
24491
29573
80603
43750
93119
2181
71116
85513
87084
25140
71000
22750
99924
13496
10160
70254
61521
64119
56098
91434
7165
81702
67051
24259
30302
22594
83242
27118
39810
98163
11994
80653
27736
92597
24403
37207
94778
95520
22720
81862
37012
10072
20965
36936
23568
31125
23542
1442
11597
79640
92876
18762
77694
76279
59373
7997
15225
58967
51467
71388
57130
63461
52041
1218
72410
76445
38425
83540
88317
77497
65403
25329
87569
2720
62266
27490
50197
85808
28932
78146
81801
38160
13260
59495
14440
72633
83844
46017
31600
35312
17405
5082
15125
69447
6300
87536
62244
61077
71076
50561
38574
52831
75890
26144
71903
54508
69986
22101
56669
98918
16599
38470
37078
29860
97965
67870
18845
81810
13888
50446
17122
47645
71880
48599
17092
78181
52487
95688
55610
39916
46249
94185
92747
38492
36681
81003
9352
6667
19456
66021
21937
36055
4491
59015
65915
2457
43238
84761
84267
73478
51559
17741
21123
23439
82692
54568
17972
35180
50256
89935
75096
12858
84120
84195
67702
20801
65198
77054
43820
84654
43076
65757
37062
47567
24772
2977
66376
84362
4090
66995
57840
72001
1088
95316
11793
83781
49884
29765
18961
16492
19700
94057
45702
20172
94604
13404
57325
59803
90459
1145
60809
49887
66902
97871
97454
8027
17201
80183
8741
37643
47178
66582
9645
48267
78250
21438
32048
28134
67555
67361
60978
3608
77770
6681
23780
72374
36437
81106
48529
26896
98603
9339
93135
81858
23562
90590
89885
57115
87125
98626
94759
34303
81560
4404
98922
59810
25842
30970
4296
93397
14683
81627
97005
92453
88308
37138
64828
24745
34596
29709
67994
33199
39048
61129
15057
78963
68071
21294
36078
55196
36273
47189
5852
17833
51593
4774
93996
93787
52097
14644
3537
66780
96271
16894
59234
84579
54032
40414
25677
88628
70123
10023
38180
25524
87504
69589
4487
55576
90884
56917
27124
27157
4107
32976
61342
72052
54103
71690
65840
6200
86335
69377
72980
82606
86271
48566
83538
56656
88980
25567
61636
75456
35590
16168
980
23094
85758
21819
95022
92994
95088
22147
36503
99195
71475
14197
87600
25578
85888
69792
48130
72223
39169
37463
71181
41792
86029
54719
14800
75010
80286
92789
50466
32228
8957
67798
55323
94715
89617
66697
4061
84705
5196
40564
253
76672
54762
4205
18602
40650
73997
83085
29225
29518
20548
406
87662
6577
71478
2463
97939
68116
95252
64757
345
20561
32555
72020
15277
38524
38717
35690
39582
43914
76255
56187
36938
31017
60392
71892
88019
50741
54977
33596
80259
75525
34002
84273
98455
21832
86736
96394
89949
98340
77504
90294
18902
10059
62314
50531
64936
17383
86221
20870
61297
78828
77057
14587
26197
53801
86480
30568
20894
41457
64164
1153
33335
14519
85426
31790
36351
88515
44536
42652
3207
22040
32946
38461
48452
11612
5344
13388
28996
7918
50610
6645
86746
44019
21233
29296
97820
24065
59864
35066
65522
24029
36219
15209
38548
37997
63351
91251
42864
7888
33904
46072
29928
83202
885
94732
94815
6230
24472
40163
14148
75082
63160
17246
19101
745
46542
33273
24810
6407
68339
6685
30436
20910
21894
85336
75260
85246
92939
18124
9486
26843
80548
55766
26398
81434
50499
21213
4016
74971
77728
18164
66406
40888
35410
85507
41634
98305
35133
66444
4712
3472
89481
51500
40735
11376
53188
15995
12974
46127
50471
22460
89323
31020
78226
32073
28806
28725
53286
32822
20049
47366
67338
86455
4606
19100
88314
62592
17405
23447
45389
38469
43272
34870
6321
84007
46246
59509
16354
59220
21989
66825
98032
27664
14197
76259
59737
59355
4984
29375
8529
25033
93093
75867
27840
97699
11320
16155
60292
28725
39602
22033
83547
99226
56903
89868
83233
19502
65730
15939
95074
87719
99117
93107
31735
13314
69366
91472
89022
90702
37199
97551
32088
30292
89771
59928
27991
1091
92435
4635
46168
32038
26668
29715
31264
83572
35936
30850
19426
1666
63141
14500
5737
62258
7607
37472
91925
93325
28944
80947
84028
66143
94850
16116
96435
84621
92396
40778
85712
84832
45414
31881
33222
88434
77948
80838
88358
13884
28040
7784
31902
91182
22285
37639
69792
46244
75111
61717
39570
20407
59016
23598
2902
53867
56066
15689
54840
64814
56468
40553
49646
18234
88786
99220
6668
83086
80059
95027
13323
24451
19163
45225
15633
41448
82865
85426
87693
57976
63495
27263
78384
38864
67213
97638
92731
23279
13328
47571
4445
69796
4476
70444
88030
9614
69664
11050
9053
66075
22429
22376
90527
41593
83953
22512
99393
66818
24290
87086
41147
87786
30701
35883
26650
97914
33521
35733
37545
46849
99656
58343
16645
20485
28787
21027
46451
98451
48430
55504
80879
87211
94232
87758
28804
78186
10270
44550
45004
34561
31636
2503
38699
78690
38386
81701
92956
71908
33786
46854
35109
49794
5197
68107
70279
33984
5486
33083
48787
53916
4939
46018
41128
99172
33776
86284
77358
44047
30834
38714
94960
78823
57570
50011
73865
95956
48064
66821
84216
98202
30027
19326
47996
51576
3785
34628
1912
9271
67711
50700
79540
89002
13070
37020
88174
46847
23304
81884
7246
70491
36951
2206
65666
94521
68569
39531
6829
16633
22704
91046
14835
52732
26724
79183
4308
30509
13811
6221
56132
97874
73273
35672
86877
86343
72692
91403
49542
95997
73288
56788
82840
26591
58994
48506
21112
43915
4389
27941
60548
27093
35339
91735
96177
78415
70919
486
25276
1082
23059
81409
98957
12684
17081
2186
99027
6126
93589
64922
18475
66877
21710
1315
93468
97057
66173
30932
40972
70562
75226
17873
14007
26917
9608
10185
5333
96879
27023
46961
14314
50082
28370
13271
62766
61804
31809
78145
67930
25398
43067
86405
8628
64778
4072
18448
78187
70245
49381
19159
57159
40959
53384
71166
67876
79345
81351
73209
76224
8374
20171
90538
58456
64893
20161
37574
43049
51970
32072
10979
93721
91491
13736
2349
72621
17808
20797
50808
4405
86530
69968
61564
27489
23352
32731
95366
2697
14082
84927
95274
38809
21450
2164
13617
2696
38678
51192
45745
7000
99616
56725
721
91107
86813
19422
63729
20974
40220
14537
25379
43102
857
3296
70592
40562
36027
65958
43259
66461
67237
54885
5270
88688
73402
35240
91384
12080
86432
37129
19080
2400
10206
36154
93507
13372
55576
57236
34346
12148
71774
76077
55251
72631
79373
42195
13193
15400
24505
72805
98214
91742
44042
19836
96782
17444
55076
4518
29524
57860
58000
64957
60260
68206
1111
53768
97930
73039
27356
32276
85188
99130
8354
56791
88114
87727
15338
17659
19480
39843
6816
34046
31585
50859
53882
44720
68303
25311
49238
14180
83171
7238
95489
59784
91797
96600
29904
89727
85991
57260
22004
87531
56391
46710
60674
60857
50789
76012
78516
70269
15855
1685
4315
63793
52544
74550
8513
37199
99861
74103
67731
83032
81342
63220
59168
89491
76172
89072
79218
78516
46333
17574
66047
19076
80636
26722
79933
31426
2734
74801
1695
34942
76486
22363
15087
45382
96913
23600
98934
96774
14055
83017
96158
11749
46238
55327
1240
38762
60751
80459
17278
7084
14385
99678
26160
95022
26400
22445
26448
45486
97247
44495
96780
90085
66858
11867
51820
80123
51819
67106
76897
65875
50123
89408
77624
12713
61087
78865
51476
21838
75676
85106
28923
6413
84784
71435
1435
27536
93881
44235
89375
7480
88731
86155
13917
71941
98023
65737
52065
66194
49195
28962
32069
99319
34722
26046
12032
95809
21263
79860
17648
96939
64967
62923
3352
66103
34358
21140
93640
28239
65375
99367
35719
54106
85522
49637
26048
99897
31726
94465
82444
80922
23427
14513
96593
74502
56911
8625
70311
78174
4838
4311
75113
86157
67234
94818
68612
1593
32310
78604
46184
97685
77971
98256
68144
79846
47893
10544
79743
95971
5009
78539
93245
44788
93053
89838
19290
49964
14816
5954
44491
19654
10265
19604
22163
77500
30774
90775
95445
63084
69380
41629
77122
47351
39885
45266
27197
4130
72162
23293
16454
77171
1832
9699
38311
11237
99538
57602
77554
30706
79908
22045
66712
90173
58001
88875
84025
5128
96002
79470
84564
65382
21100
61686
29086
77337
23304
72635
81468
95466
12280
97922
88989
30465
23973
27301
58054
39863
1255
35608
70569
81163
74005
37281
87688
48359
42508
71714
69839
54863
51184
54403
20245
88636
16090
65683
65974
55746
54671
63794
51213
66951
78068
56554
13768
18393
83855
71823
58257
1462
23783
45178
98977
14141
98812
86666
62500
41320
58380
32339
96183
25916
3094
32781
30905
19184
14816
96879
74931
69487
77025
42496
52791
71445
99050
66559
89838
99258
38382
48095
17072
62166
93274
16050
76307
92086
19068
55159
49758
93800
3850
62294
19716
6944
11427
66973
42481
26243
63852
33764
95731
57229
92612
48522
28674
91662
15081
18513
7272
69816
66608
24345
48334
76234
56747
40993
84672
75815
96152
34431
69615
16354
13077
5683
23298
24504
72657
82131
50747
52861
15895
62830
10091
24859
27704
55117
16522
59138
73630
40146
28954
56591
80843
93640
49177
37590
34633
33850
13405
47137
84633
99372
63491
97710
21408
3141
38566
10417
1625
5665
79630
33872
68496
6073
58732
96200
61191
91606
71690
51173
31752
16996
7764
12596
10636
73294
50186
45269
7144
79944
92406
8129
95668
72249
5839
33428
91743
44405
43845
93368
50070
39828
43592
34918
45901
2324
47471
7092
93930
19161
74618
25683
36158
98734
54631
46794
72028
4817
8416
79172
1113
17174
3653
13134
5776
9492
46562
13871
70249
6760
23591
36672
46588
67183
87942
92489
69508
35413
15934
63438
70927
6904
5473
23437
5638
60104
86583
77667
81274
11351
73191
98739
28526
76845
11873
50654
2689
58436
64525
89291
65196
88116
25963
28136
55299
30257
36977
24807
82023
52911
4598
52950
59815
10071
92739
81806
86528
79322
59473
84154
7026
49016
82893
35552
25861
94767
86206
44903
53203
50731
34194
34751
38847
76509
79239
10498
6766
16216
35306
88789
85480
56256
58091
61647
82679
67182
43453
69207
62857
19278
53361
69883
68295
36255
21787
10508
47374
7993
55411
16929
75076
89605
51680
30275
82466
47271
40773
89233
63487
92431
94374
65319
48687
68818
26967
31367
52352
86772
574
15209
6051
70288
85092
90698
22895
6879
1206
70269
31224
56618
87198
22652
62575
55230
52927
45042
2501
93701
50627
82340
2484
61353
47660
51172
46523
90979
82539
98876
77751
99465
14085
154
86105
15530
90852
9000
38761
92059
79269
86338
65029
66467
8990
43956
38049
61918
5350
40550
71971
55977
22891
74455
33683
86903
41979
80206
77882
40870
79082
55633
56688
9520
55788
42793
41402
62992
68146
80163
55051
63767
66501
36432
30235
91844
80389
84636
53762
85739
25187
42085
58069
64430
32892
91752
51333
74872
88310
29215
32094
83745
1200
88782
9617
73340
47928
51019
36333
16074
47534
7736
79841
30388
44169
26428
22232
40910
11065
92346
43001
52604
34431
1070
17034
83675
9174
84719
58547
97485
13934
6994
97582
31486
95776
7199
4827
43704
58218
57512
76130
22104
81600
55972
52492
25769
98752
91076
83031
9817
83422
26033
62421
34205
43455
95807
17881
52630
80526
92780
66467
10812
99774
64049
42299
95551
87600
63478
55607
45818
37342
31738
84274
18942
4062
36767
61064
2814
27843
44095
28984
11266
86480
7757
61823
29936
3565
79704
98918
443
72485
65385
11256
88611
45786
69907
514
33386
49737
56122
95556
87079
4212
79830
6021
8274
32949
83437
27440
60793
43885
56424
88411
30365
64182
66586
76653
84099
46291
75571
84542
35128
57308
95798
23739
19446
82057
24254
69184
31794
96728
81092
18873
940
60923
41247
25566
10224
41036
53006
71017
84921
9431
75780
31639
89965
42367
8292
74064
5010
216
58606
56490
73876
70757
80229
9675
69166
20835
78859
961
33915
59952
36186
34855
37227
93785
76773
47451
34822
29780
34821
19743
55563
26953
67734
45528
85672
92379
19592
7034
92595
94550
63524
82823
81659
60106
92498
50826
80941
87710
51787
14857
64014
4325
66064
1241
98111
42838
65044
32933
72618
99865
69028
44533
43171
36763
90061
28843
45494
26005
35878
38089
36907
99402
37264
18567
75860
46115
85745
56802
50177
53884
88011
14191
58209
54075
31784
72672
13265
96828
5605
2235
13046
90986
46768
56217
44101
36829
1412
89595
79186
53642
44036
16094
69397
97652
51013
45257
43767
36758
2059
93944
90642
6422
8135
65203
60498
56271
37876
90115
53100
59833
92351
66146
50819
39119
38715
11272
92301
56479
867
71487
10122
61255
3933
79519
58908
54946
24776
2675
91704
43188
12972
98698
49610
37459
80254
26460
93731
18130
16576
46831
77963
8927
29329
45135
64398
84396
56407
56699
40875
73627
28187
50997
34882
32120
46868
93790
87067
87997
12818
95123
31185
25790
10174
97147
63249
90428
39960
73332
24910
72888
36515
19225
81815
82196
64360
62565
66592
37120
19265
23820
10747
47452
74817
61981
95924
38038
72124
99343
26035
84942
10819
57220
27084
20993
70719
6685
27773
10679
80018
52683
83567
16533
71908
81734
98730
52621
44300
65322
89741
63565
5494
16840
27369
96664
95173
23293
34702
67297
38989
60737
68591
49808
34309
95675
70801
21380
2361
14926
32060
82379
67609
31979
15264
55869
13714
13994
8490
74366
95669
14583
54283
1163
47775
81652
97827
42949
21297
48881
26598
60286
9618
95190
10094
60279
90865
97247
81660
9578
12173
13720
91957
79782
62051
7222
52004
75765
37568
60494
66483
33237
91430
20766
50753
39205
18770
64932
98506
40068
13814
25105
16706
39784
20295
26801
64
27512
40400
81724
37091
52574
11796
45400
48708
73847
68974
712
65965
6543
77559
32448
56132
85341
69567
23237
40898
88337
88170
39405
44757
1984
64510
61464
41768
1157
4617
58184
28669
45017
39908
82112
13943
68056
27513
62652
58256
96487
79716
24221
3030
73627
73021
75515
75320
42588
98752
16219
47278
86922
55624
92035
5258
36486
53499
47027
37643
58116
5211
82664
19486
61472
64777
33429
29528
92290
12433
4136
88777
8502
28357
8160
98481
17731
83675
73802
76671
82427
90021
23949
69350
61997
15985
90960
98483
85836
37987
36126
60305
59551
18790
79791
37375
99919
13220
83255
92209
42006
87392
97339
50508
32101
5499
48989
49832
89174
22791
42856
87953
29164
66805
73655
91161
99142
64616
89644
1331
18955
42122
61636
78506
77265
41427
32233
77184
70999
15489
85746
29357
2881
83085
79865
34982
88584
45207
1167
94110
67998
44023
98415
13515
27180
72071
4676
42675
53039
10673
44006
71994
52795
5642
66853
46412
63421
99086
39949
50772
30927
25695
80130
33808
8780
76347
85143
13716
21554
86310
24178
5905
46685
22593
19420
73865
11016
40448
32892
80407
51121
76898
68754
20269
98892
35607
66681
78665
51045
6630
29438
81973
32325
25920
15781
57457
18619
17276
71173
40174
19938
11703
62431
66623
50649
98203
56841
78017
38651
89733
58425
89773
66632
27179
10042
81876
79138
76723
60542
30183
99706
6332
28508
32031
48604
60642
5841
67223
77918
77014
23749
97857
5070
2532
64480
55719
735
37673
50088
39387
27407
24865
29160
10391
52044
55554
92267
47534
32277
69161
77718
48335
91845
6226
80367
40449
83220
86208
24025
61139
79574
47774
58996
996
66659
39828
73067
67394
93854
23156
6781
21261
48021
52293
48004
16418
7847
56623
63952
56477
25785
58022
4812
17630
80601
85179
74432
63821
87739
98457
24960
83666
62583
308
84662
29242
56489
57730
96637
50343
80886
19770
87956
45259
72064
52312
61677
79911
8935
25630
36388
51072
4
41201
85055
80605
42732
59487
44427
46824
57944
85739
30490
36879
86048
15152
82474
58889
72882
79111
25584
70120
15233
13540
15380
87297
65852
93409
83561
91139
35391
19949
42212
35396
77502
27267
16001
20235
86754
76780
83411
61050
62520
13901
14281
64920
29053
96755
23809
18288
92218
49393
4760
7452
79285
36492
94749
61489
46254
94662
52628
81645
14612
94840
17041
8466
22107
49395
45053
25213
26175
28464
2615
5047
42365
16897
86319
87771
13652
10128
22411
5871
75873
27171
13323
71510
80016
24424
32999
26270
19087
1980
7915
50051
96820
41309
58517
35280
7056
19923
76845
49583
48387
79461
54631
90753
96358
40950
94876
10010
67431
17287
32233
59656
60810
61908
47519
40826
86333
96870
83448
21772
98850
7716
71823
12023
49025
46692
63655
56081
66615
40500
5664
31355
36313
76647
38460
49023
33950
33336
75386
17733
66975
7619
77389
27785
69528
24908
84964
72213
38131
84764
93985
36981
92480
82160
49004
41505
45204
29011
13938
11820
69512
35955
59527
22177
12602
97987
71201
46552
31323
46587
64285
98298
54206
58027
42435
40086
99287
43751
12299
37418
28516
22636
90752
20996
4796
56108
78854
50001
85120
92792
78173
70984
45099
37700
93161
57702
52039
64362
20606
83362
10949
1244
98012
81508
75623
40447
21594
91262
84199
33894
45033
29067
56530
35785
50063
77679
91893
45269
44032
77013
54414
38557
47997
99513
92609
57511
73567
44648
21873
94174
28010
49175
11770
42374
30683
3745
82821
68629
95007
83372
18875
40040
12439
75406
92177
78855
69437
84071
24124
13469
77436
78538
68378
41786
94404
60987
99297
67971
5635
37522
78497
49997
86697
90267
92371
33732
10364
91544
2362
21724
91269
37589
61764
3708
12995
53942
98915
98784
54365
39392
28605
31801
34282
96983
73587
28686
57970
89236
96658
79957
26759
75155
29954
29808
81775
38677
79893
92139
30222
82255
30215
21491
36196
91980
41551
49192
62274
56819
64328
16639
96211
92934
64792
46845
89917
38380
75532
64240
43968
72190
44197
70727
63697
90504
536
45472
45533
80429
53964
92107
79036
84179
13598
15232
92511
71502
80776
71137
44673
45105
87776
57236
54391
68921
4081
44308
23653
79613
8548
67621
68155
52746
38349
48205
59602
55237
10029
5135
52018
63993
97243
47406
64525
27193
78990
73388
15047
59767
44526
59720
21224
48654
16956
75615
33927
37390
36275
57580
33355
44824
25202
1511
13922
63551
49716
89876
35140
59745
95011
87158
40091
8606
50916
20968
35800
29906
10708
67199
6025
71586
26920
27249
36593
60228
19216
70520
13970
71844
28101
47326
16668
53303
65189
46942
33206
31257
53170
84698
7354
48181
88208
47445
73140
39124
84765
8940
69030
11826
76139
75056
83412
19411
18657
20005
95992
54226
6878
9962
26070
34979
73640
59090
4634
38829
6032
37840
70086
59202
22538
77441
23735
27098
41238
96875
66222
42356
22167
35252
54182
14659
26660
53946
34070
61670
73952
46414
15896
80830
72729
41966
32161
46369
1056
36795
85199
23440
90987
71637
98994
29877
49078
22729
56975
6669
35957
23197
49025
58124
74801
3207
72783
1462
73505
23206
63132
63809
85972
95380
60991
58701
37346
93152
5071
54754
29947
6622
78194
20934
78259
77188
50811
27338
16269
24138
50359
52226
47335
99384
26703
22137
18943
99486
39951
92448
39044
19435
56258
25017
14815
17249
83718
52161
26754
5141
6915
73053
11763
1461
93988
90023
78649
61151
33713
94918
85290
84072
63497
48977
99808
90200
71114
18751
6038
27417
27551
45083
46852
161
86452
61667
17411
70170
30180
60517
91664
53447
33570
3427
54908
43910
9802
49909
5062
59867
61180
6704
43939
24677
72033
60099
31229
59500
78850
37267
86917
22754
98702
50122
22915
85154
28141
56678
71677
58322
17195
63341
28121
50766
83120
99382
94676
92923
65643
16090
52790
26823
39146
13082
67852
11180
73181
99081
70680
68384
52701
57597
91138
51403
24071
14053
52910
52213
70732
24587
26887
87927
87928
71360
38693
71048
70742
49722
80323
36386
65812
33114
79561
4959
62548
47414
16139
35729
62847
3171
4113
15548
77120
95251
83304
1192
25657
36214
53405
96389
60801
80292
668
65081
51652
55714
52481
38747
5436
32805
91485
87600
82271
71046
92559
44819
18460
25050
80548
97660
28221
1014
13208
5342
12617
96512
22886
38274
49078
76291
51015
9879
72935
68036
91312
40939
23750
43794
96038
45538
76599
87523
33138
75222
58570
42050
20041
93382
83452
16941
91042
28026
34307
4251
49720
46925
17115
72606
85199
66194
48897
52567
92425
38184
20603
83738
95475
44353
27532
91514
6243
20483
79037
55733
95705
37607
14135
32098
30990
97588
65391
22032
25614
99699
42635
91686
46624
76103
64292
48175
42297
29541
742
51074
67725
37697
34812
63200
98402
62344
54714
4645
99179
50104
76731
11236
87711
90866
43334
35053
88454
8726
73438
30420
24777
32425
22106
71401
8528
2750
35928
67177
32291
53023
18252
16368
90720
53064
79569
89123
31761
50635
10120
30940
17091
86851
42177
21155
77718
1863
56208
82524
26941
45998
29297
51718
78424
67755
39471
86952
70506
75400
54130
19149
28423
72382
35518
35495
41798
31439
40970
73559
98426
51091
20852
15518
54294
79381
36673
48364
81244
9233
30889
8186
55232
76538
76256
50008
44293
15728
53312
31151
7480
7442
50301
52255
96176
85819
87750
54327
33610
28721
27886
32036
96164
48738
47554
66810
28119
579
15175
25716
26165
62416
50254
81397
38954
26510
47757
99599
58590
1069
30751
66070
24864
81052
18325
37392
83223
22428
91719
16833
67501
19606
65221
80017
84696
29128
46827
29168
29707
78354
54884
55872
40770
21490
53621
96076
48000
1378
12028
6591
18800
42779
89013
43664
40183
23691
97408
39758
46119
89128
72943
13620
25086
38164
9989
9782
67292
56816
55302
97000
35171
26538
69224
92293
48028
39198
4722
96029
40576
16750
18972
75728
75881
24337
35744
16064
48028
33153
72174
10499
22281
45117
40471
47367
83281
50460
73501
50574
7277
45156
63926
58800
71694
49502
67445
19723
88700
88519
15752
45629
5269
51076
21357
97502
75413
57102
13566
39794
90255
2092
50293
28888
47209
90765
92607
30491
57577
82460
97417
64854
27616
61343
40006
99311
10845
23804
19034
15898
12323
51138
61527
17593
18566
82884
31447
10331
56338
45014
50125
62945
63458
16771
91833
10668
23888
792
41159
81465
83253
38576
62672
27221
16271
19030
26532
43468
42834
61918
59366
55158
29408
20893
89103
47974
20130
20550
58306
76468
81916
24783
39414
45375
41554
47599
56043
65442
48392
13554
63260
47997
68482
25932
75218
1105
44962
18103
44573
87797
80021
20292
59307
9430
57537
48410
73756
77667
85312
32062
54136
67229
56846
9902
28956
14752
73853
84999
96547
22245
14905
59807
86594
83387
2091
78165
84492
47053
96268
45417
51202
92641
65709
10509
18423
23247
75271
92180
17266
76936
40594
87754
44165
97440
97656
89473
28545
71510
90824
25092
10107
5729
1251
13054
5468
3342
91219
89960
50395
87487
51729
17950
80128
33791
44811
14904
73390
36435
7084
90656
13371
47678
78411
73888
61471
92419
63361
90016
80281
54185
31460
90389
76266
32711
3443
81734
36053
11014
88046
2800
98501
39775
20750
94981
89918
65562
9885
63308
18349
16969
70317
31720
81000
48728
21960
42471
57499
85321
48839
37781
55858
80299
44522
32124
13010
64317
13858
49063
75331
1904
51863
90184
58031
88966
85165
47950
70880
11403
11258
89229
44724
81575
20949
25724
46655
59261
84547
20507
44582
33386
58288
16792
13685
19162
48916
26695
99831
79126
92110
91514
81030
43974
81698
39061
49292
83215
87011
20172
94618
14622
9401
55695
12549
46702
81419
59205
5963
65967
96064
66897
99353
70704
83689
29391
89866
32605
72438
6049
11731
64549
97563
9113
24875
95613
64526
74167
78828
67890
94339
89799
82512
20092
61846
11413
66794
43265
86970
89109
25584
83034
56006
24938
53738
39695
70681
59956
88652
43119
66005
16735
7668
63568
42200
48895
75533
6726
39414
70714
90968
33753
76865
73480
70197
38711
1246
36991
81976
88216
26100
7561
71251
98458
48851
41341
54505
35884
1298
59509
79003
67303
76244
3024
47224
34796
51919
22757
57875
91334
9823
48843
41439
86688
38676
11637
25399
39922
64980
23728
44490
7433
47641
15741
5891
96492
73435
60397
32376
74733
19906
27731
58388
12503
30755
5612
47299
99027
44722
21526
6713
54545
70370
48152
41234
9046
76141
82985
65320
41122
6713
9810
48555
54354
41904
70798
50846
15339
31195
99574
90072
67454
27306
48460
79957
74413
70425
43608
73440
31499
65135
80153
86044
51857
44658
43630
60903
20799
26616
26223
78273
33329
52385
43180
87684
94289
13979
54882
9628
61526
70809
16052
28980
14467
80865
25289
88880
51290
85250
78673
82789
66737
75178
85185
18594
19836
28816
95849
56988
55432
38424
51613
88761
90809
11146
92797
85099
25125
64032
11079
3003
34841
27132
31984
49308
7997
73625
54540
75639
58875
49565
74780
25612
24744
59965
60558
60932
88781
56407
34272
60565
94831
85886
65679
1993
97032
58476
87092
38509
22508
98171
57864
73701
41655
6200
23009
66004
79826
93902
41643
55053
43467
16423
97018
84563
92741
57576
45496
81522
13984
96120
58440
25167
82006
24119
27160
95390
98947
30604
50251
37808
45128
8116
11509
86783
14316
50871
52788
10494
44773
10783
65548
4592
43559
62566
89156
36300
20142
51004
34174
50478
47124
92614
91998
45483
16733
19158
57225
32033
49763
7477
69841
11243
31945
81350
98026
62613
32221
67166
73108
93346
94302
55008
14291
37861
17574
3447
74161
54068
70803
8335
20899
17927
950
12897
63410
34035
48407
36988
66068
14522
44465
52261
25765
92762
33612
40144
55375
82185
23662
44835
91884
17964
99843
6175
55825
33769
25974
29986
4190
96777
54674
25089
14704
71976
54338
94467
22363
2745
31455
4784
33620
92272
57045
59385
1386
90657
15881
73113
89195
39544
17949
81079
57508
34144
87254
29686
84266
29580
76024
88456
26357
30698
13545
57413
19026
84235
68232
41390
86980
16039
46174
36952
24663
3219
96338
26049
10229
28571
99163
15776
68115
33464
96855
41976
83960
461
71662
68226
30041
64038
56682
72750
11089
86579
30163
30115
70814
98396
87857
74147
14435
34031
11099
39099
53603
23789
81500
80184
52361
97015
12312
36828
46831
9167
95156
30792
25980
83170
99018
72373
47209
72053
45123
58298
74984
75286
88413
45799
90034
92623
36298
20822
43006
63749
76273
96609
3891
57773
93145
72604
71141
5457
9432
17972
30976
20941
48764
73308
4111
64135
45681
51320
52540
90804
9618
27524
82443
14384
89675
88829
7007
25973
9651
50013
6075
2276
62975
9966
76402
72472
98922
47543
94282
24706
65515
41610
45647
30632
14919
49759
11119
76952
1079
63659
84109
27050
91183
82904
41434
80859
71733
64793
23184
97737
31158
45611
13
10485
71929
76415
82958
70851
23958
93592
95558
5826
35202
41205
36458
66473
90964
47577
43426
8396
27588
27535
35446
18771
26791
93232
15982
98524
58025
55519
96261
5535
1130
12627
16021
89412
89042
15331
60263
29353
8923
55821
35179
60477
13379
87989
26951
4343
51918
86729
12739
79506
30616
64537
14629
57407
57769
30612
72283
32146
2483
84897
37682
19965
97524
70055
9377
2918
1738
69641
32271
10661
41814
83802
87490
55193
88143
30793
75889
40061
17522
4980
19567
64490
69518
34197
21897
43639
81161
10533
75786
83644
95430
29820
19961
92954
16227
29339
95872
17965
15332
44496
44978
57146
44650
48820
12340
32794
79614
4581
89207
13488
9561
8775
77979
95431
59324
16228
39071
56837
26761
31209
40481
38543
77381
60442
31497
93608
6133
43722
27925
21465
88218
72903
78612
49220
38075
7304
82014
17689
28237
71222
47530
37798
96349
25509
33230
72025
58089
72301
28862
1203
19862
85695
39746
97243
62489
87596
90851
68623
31318
18776
6440
35888
8031
1404
1460
46106
25060
99827
80148
53297
87401
27678
91096
83750
69539
40678
72127
43980
29331
989
45183
49193
3036
1282
46436
65525
5230
37287
50500
36548
72415
56941
88788
96798
74697
90248
59256
99758
90075
55756
53055
93828
83434
60503
77578
69325
1181
66057
13306
30512
83398
74841
79705
86434
76123
26141
68312
81353
79780
35164
34253
68547
8457
39393
81697
83155
45994
57306
82913
52421
13062
52320
46250
12849
12824
40180
82174
14005
6238
95480
44518
89636
70322
40575
92423
62797
66717
60735
60503
62849
95899
11108
47749
4357
50502
29446
87512
96496
86752
86777
65269
99815
39097
11519
12664
51921
51700
11190
82279
57938
6671
26797
63926
93345
83724
56349
56142
66793
17084
32997
29643
29336
44106
77392
33693
94608
23190
37557
7456
9943
24334
72725
26110
63431
597
55126
31705
52297
66316
13984
26587
89339
57133
6865
82684
40857
79567
55179
7651
96651
88176
53646
42339
48634
31038
92384
59594
54228
29941
83402
80523
70627
72480
6633
34059
73077
78111
82116
41726
44428
96100
84665
50119
69585
91530
32804
10442
71097
4335
34445
84101
8863
88091
42792
73850
35481
35177
33444
6062
65118
16847
86585
35746
89327
9571
86157
62404
4034
84625
20482
64814
97077
5147
14934
66662
13029
64090
93456
479
68425
27902
84580
93640
32345
27372
67490
84179
78901
935
90241
44020
34134
93178
96118
39813
2749
82275
18569
23136
83252
39051
87950
80329
44198
2884
46991
73579
66974
56799
74058
51751
84701
74990
61744
33399
2363
29234
17578
81264
46521
24171
41636
97007
17349
37754
36820
36451
36381
55389
59587
19633
94440
47537
16314
54990
50422
63305
28570
33748
20105
18980
1852
21158
93971
63596
70909
12686
9182
4839
10302
72056
29010
51939
69063
46360
6045
5884
99163
58779
61273
58750
94764
72066
6287
11079
43408
73061
90736
71978
23162
27193
7311
25014
64704
1282
4962
35613
13968
14144
56805
24270
86200
85815
92561
71616
48527
98607
77500
47690
73738
55125
22792
68502
43543
45432
95933
86952
18493
86670
75282
58007
30215
82593
99373
94919
227
4335
46885
14195
34832
3690
38466
37384
5857
47379
9000
70737
45986
2852
18427
36076
74330
41220
4579
17873
86652
16864
21177
21497
3534
12812
95857
50102
11757
95230
45021
11985
15918
8258
26180
67102
28300
80998
4486
34158
28378
13487
4895
90716
32691
39674
26793
7021
97246
47724
41247
250
64588
78776
38100
84475
91588
33957
34577
3346
45539
95950
15331
77809
4209
57863
44911
32509
38862
49398
83019
67240
79237
4266
74308
11928
60293
1101
35302
57539
65177
76549
57790
29766
55325
12242
14241
63266
62551
48818
66612
8090
44768
98295
2252
65329
56158
47163
14191
95020
12913
97210
78612
92150
1477
69273
20431
61770
86726
55733
35661
51904
48634
9803
81670
20311
22045
12263
83577
84596
77433
66541
9039
38553
81188
11291
3883
37347
58454
18074
48719
71368
31636
43684
79870
49465
12957
301
27587
99683
72386
63249
51587
37372
73052
49609
74036
11450
78224
73965
96046
72009
40507
21437
10563
38047
32728
30798
75394
7535
65224
24114
78903
96860
67798
75125
46326
97107
91779
73913
96790
80517
53514
64730
17890
26567
30691
91926
54369
8916
65891
50415
97277
22750
71853
7840
60798
20933
38638
52544
28468
20214
93010
23723
17075
60808
98849
79753
74267
90628
53666
71058
87497
23533
52140
5387
50100
82831
13665
20821
8099
95909
71236
5377
18659
59441
29569
95809
96727
84560
48354
25195
4774
41364
48919
21849
18525
64120
1602
92792
71100
71621
80202
58597
95154
32342
80337
61606
31526
94002
98779
55977
89911
70015
61354
24923
45809
90924
37084
42536
75484
1790
84083
96610
43155
49354
18460
78032
13474
36414
87176
926
24387
83731
59524
35893
16073
39861
13851
63951
50215
12630
19929
40127
98998
81283
81402
61159
88559
18486
20047
80395
20277
4130
77006
79784
53485
11818
74168
83311
48232
61344
84238
88972
45075
43762
24865
77501
99975
55069
41452
50190
67699
61381
6669
83049
59017
4423
44208
63928
22910
64255
44324
59539
68386
37682
39323
38223
49500
29843
37886
14084
91187
22124
3056
52615
82238
44274
46468
82213
99343
87920
48756
83394
65654
71777
66444
41023
76201
10652
4951
15463
91260
65627
75002
75998
3309
30677
14221
52809
60520
52107
66894
68059
90584
86302
20674
72822
30576
67142
71388
46271
71415
36496
29666
53421
24625
12462
94444
826
23114
99395
16289
30726
81375
7643
6724
84684
38320
37297
53846
15192
5757
37092
83252
96341
23394
20278
85515
70323
3773
73255
16594
75188
9751
62612
44961
34377
75074
39405
51555
14541
55152
84197
61619
36527
91840
68344
37564
46513
5641
91410
61705
11398
28502
61309
24091
51896
81588
9607
38571
85361
82862
55166
76901
8966
34130
21862
59695
25557
61267
11250
56450
32771
11799
18069
69299
19992
2765
6863
66505
8407
98273
44562
36157
43127
5872
60249
95023
3812
69856
33595
89173
69070
5113
66074
78036
55595
87936
37731
97504
65555
65334
53954
98326
77133
88376
83977
97125
91141
7192
79982
99548
21817
40897
35706
64944
63121
12307
76320
66933
82163
26267
56106
51233
31380
38532
45622
3327
26468
99705
832
8375
65039
71138
6701
58525
59514
7031
55650
67008
14223
51985
66556
36041
92882
18614
985
56003
30921
77305
22936
29436
19924
95394
97022
67656
33926
42644
70984
76746
42349
88168
85121
23741
59306
8174
82266
35173
15205
54268
2181
29429
22605
85089
81822
15487
20056
99159
87842
67329
92817
27130
96766
12741
22524
10140
80398
72802
52784
51382
49548
11485
39550
51021
51578
15208
59196
33844
50381
90753
4465
68914
20182
27070
54004
18356
58910
74060
17516
63104
41389
10333
90235
54507
23074
12759
64647
3472
1914
17431
71206
51462
45269
27108
18836
96847
42317
78032
47044
9050
85137
67861
77965
21672
11283
31969
40028
86545
22381
57544
49650
63770
67877
39885
18278
7304
68996
99277
10776
70910
33061
98335
38725
78330
25443
57561
91529
84112
51945
54925
93163
37082
39138
87480
75106
50422
19449
15135
36967
58182
72679
2969
38304
56909
42854
56582
64213
28203
72212
91341
99113
5273
89676
54190
83603
15120
28103
91484
99232
96400
62762
8747
33483
1900
96227
8589
52322
32028
40076
5642
90210
12756
8611
28515
86017
67818
1449
50230
96021
73661
41571
11486
78934
31248
65677
78889
62720
93780
70374
61952
90181
33136
70700
40016
35036
66927
64957
3711
98956
21386
25705
5518
34142
50668
34033
36511
18486
35483
86741
14507
25496
44664
42346
4431
75912
8023
83320
38632
18155
70046
16937
24688
19534
87637
81056
70923
70916
62366
74634
86224
83752
16691
91743
17894
67359
25776
54405
85846
77611
57498
16705
3108
2162
59051
23891
94427
83426
7211
49411
17934
93610
66348
42622
13144
70337
40031
84067
41254
2397
75053
43830
86149
91744
35573
20395
59104
77702
91152
61302
71665
48650
78007
74773
67164
53411
15016
61591
36837
38580
27355
71123
32190
93703
30098
45334
80393
70129
45754
37999
72526
37159
81829
58675
28904
33755
95422
4360
11457
86574
65662
99474
51576
43669
90600
18740
13432
5616
96684
66622
44196
24039
37745
76386
34094
67843
38073
30839
37972
179
68838
26850
37338
50668
1877
66242
775
97299
86954
28584
83873
52616
28058
35449
12638
18658
70542
26070
24275
83578
9044
84823
23969
46790
61210
58063
30985
15635
5255
85310
15814
74093
12160
69504
41113
14038
52099
41888
11337
39053
70472
11563
91670
14883
63364
20660
33541
33906
63082
74168
33836
72127
58992
57805
35269
36554
32221
66254
52189
37476
67916
84355
11569
80077
53859
69035
10467
5958
10923
38156
45012
97748
49719
53034
12631
29436
90046
46172
79694
53128
36693
13531
41607
95685
71336
76876
32239
19909
59483
84428
57385
27399
85135
85307
23828
38994
54342
34295
44953
81617
88804
6317
79365
54875
75703
8348
84311
65749
70873
64006
18877
7566
77537
60485
19603
65225
53713
51842
85135
13196
52622
58872
56948
37757
60531
97128
76751
14873
31424
38056
12843
36580
60725
8560
91455
36428
16909
75767
2177
4134
39773
21055
11700
33662
97892
31303
98887
67957
99497
374
81154
52119
59247
54454
6228
19778
51582
99331
51004
99358
53740
80199
35938
14465
88759
43746
50894
22020
19513
53071
26154
75638
90478
54206
25652
88370
1861
24539
56328
1358
41266
53834
69829
16865
24640
92409
36643
76222
91741
3999
91933
45481
550
44223
59946
89310
87969
10840
27682
7482
80264
70189
99472
70742
24395
25124
75465
42609
66016
48145
43967
7282
18331
30149
24147
42971
22558
77142
35545
30651
97494
27478
76132
98044
71702
52431
3706
59671
79623
47741
83506
59887
17930
99330
30630
58677
24455
6095
1286
6823
70592
61606
14105
88923
8107
54604
31894
30665
31746
83791
77669
29240
11270
53801
43637
99324
22584
47343
58995
2208
95084
58853
62095
29366
58184
9077
88044
98991
31524
5682
5814
2116
83640
36271
91039
91747
90875
39285
38765
22621
23077
16434
68214
50699
86587
11851
50023
9172
75546
25370
27732
70631
84224
89827
16349
58760
98905
4393
57751
46781
10076
79917
48898
10068
16188
56289
1816
7063
95575
40581
46036
35004
73367
14250
85703
59954
42453
35726
85478
34352
61096
13210
21335
61672
3038
37684
36784
18295
42078
94535
81428
68506
90804
30326
78574
6992
86616
96742
30407
98543
53675
76444
49899
27042
7046
35602
86997
49500
87680
88827
83852
65128
2038
5187
26801
21428
59223
63585
39723
1301
74473
37503
86159
81629
67830
81086
88622
70798
77828
19029
85693
31504
11825
35592
74898
18872
87546
61895
84724
75226
50723
84928
40354
69113
6467
83507
90541
65690
63445
46616
66992
54270
84119
69503
35899
68301
50589
24521
39099
44770
59903
41144
92626
71728
76736
67524
6952
64282
45772
91676
55860
12847
76604
96215
81960
83071
96074
72501
48762
59519
35469
32106
13789
19588
1609
66041
87890
68551
90562
43341
29673
66817
84486
22299
54898
61222
6175
61850
41857
51947
53527
97717
81146
30131
10284
63106
13203
22711
51959
78317
82230
87428
10423
12372
23369
28384
78413
11259
13287
85327
54600
42960
68497
55438
81611
23395
33013
87787
85245
74870
56086
38772
88939
37233
85256
15576
16691
14811
38287
68651
93128
36869
72431
3551
49241
95800
48287
44006
23411
61575
45686
94364
20887
14183
49802
2499
37578
82815
6638
22823
74037
79076
77948
62977
16309
63204
78553
49353
78015
16840
34356
87495
53709
6787
7398
19303
18940
55685
79661
58703
17260
25347
53067
54500
39530
2870
56999
77108
2037
63637
16284
76075
42713
94232
39052
75375
73788
33957
41080
68155
67149
75436
55650
37210
98575
63048
72865
33867
35085
52527
92571
68698
77874
45638
23198
17405
64860
96549
10865
66898
76538
27149
42973
35603
37733
98377
10978
11521
48686
52058
96028
15835
43846
68030
69397
42422
47430
42263
76289
82516
94790
85212
51214
72664
30851
90764
6421
12063
87313
17287
78961
63851
60788
38286
99454
98522
53015
26785
26395
1701
95195
38776
33888
39042
6806
3286
97816
54237
45549
90457
36753
40339
75670
4319
29355
22873
11435
52129
34936
98748
85768
30250
78951
46556
84888
78405
61430
54256
21542
4178
72309
16738
42954
6198
72132
49760
9484
86300
3997
71385
76757
57102
28076
68779
77773
73783
91652
89208
25912
42941
87956
11680
73191
83259
74589
74431
78017
36019
28687
99559
40197
997
32649
99503
7195
21133
49264
33031
7433
69613
20768
543
26716
65196
85674
4489
38979
93679
10050
81244
36620
14358
92924
26163
97618
83865
594
75635
19885
45634
91546
76434
46631
24196
75938
70178
61681
41554
19561
85467
11167
56681
2362
54235
21877
88036
75077
60856
81715
85127
42100
18335
15837
51377
44498
13455
35242
61445
5442
71479
7079
96989
64266
70062
37537
56556
40240
99218
98110
76153
84685
25629
32834
87047
96217
54711
91436
71294
31919
73151
72773
90372
7839
88610
41749
52337
18418
93343
30134
23860
81175
37213
20849
45441
7275
74738
1997
63867
73957
16459
40020
74994
42088
72854
78394
38305
43917
69830
25951
75837
59333
15076
66209
67172
20039
24310
35862
38457
34005
65996
78669
15180
19562
15871
76973
43189
90609
95322
23409
64566
11781
63429
55913
53870
52636
34307
8527
12905
20489
50831
88742
79822
65907
71303
63347
85946
11965
99209
40755
45971
81557
19425
77503
17471
51648
54477
60661
42257
66151
422
23176
77933
63851
79089
48155
32839
29748
56682
62097
66589
23865
67191
62763
89773
38495
26110
92071
66812
41671
49179
29135
23229
84956
6639
40700
36604
77468
17713
78861
43619
18135
2037
37904
98339
97478
86059
47530
43578
59094
9627
10167
82959
76819
72931
89084
31666
15393
81156
98478
57065
46687
27614
80294
31643
50605
37346
84599
28073
71412
79812
88044
89547
81850
25949
4238
95680
28360
51769
39259
87454
77748
49426
70414
54567
38709
59498
86233
54103
57006
1064
11168
3693
28678
7814
51688
79283
45160
36287
23708
16572
16100
28104
22472
14302
70405
26710
26334
98766
94831
65593
86220
72580
31372
72986
27147
70081
32485
29733
24184
5843
30797
35352
9537
75827
59518
77577
71462
4679
30217
11522
37603
62669
39626
76427
76971
26384
19490
3305
25150
14321
85251
11370
3253
16623
84357
46753
86704
33194
92838
27241
39037
39987
78945
64926
15814
38464
42504
3628
59495
72721
15150
13450
51742
71128
89878
28713
97512
25720
48370
39014
56393
49973
50385
59647
66596
51094
6400
69653
84288
99238
13246
39677
39225
92191
4604
71391
30655
63460
75019
6502
52533
6521
19953
4275
94001
26183
49340
7866
51903
14062
63232
8296
64036
29969
67943
46984
81063
90695
32989
81703
6285
46235
37733
61862
38427
42337
33253
85434
22149
24624
91937
74682
47497
11890
95309
57851
38073
44649
82069
89976
58711
45301
14624
39099
75271
82568
86084
56334
89615
35425
54390
95901
81661
92123
57763
20088
50812
7369
5522
72961
48345
13811
63995
95843
25701
59304
70046
80126
20305
52115
70102
95368
97416
1079
50820
72687
83647
36904
45374
89614
88681
16116
85515
70342
8239
59631
6782
75403
67000
28657
64716
15345
42468
28711
27540
68170
4367
97586
64648
41024
49701
51103
36392
63470
52182
87212
52509
35829
40468
97883
25443
29150
30351
27311
15844
54942
86942
22627
30345
70294
51284
95061
85639
93752
40124
29532
78274
44491
27118
42923
85515
93172
94026
38260
56642
46208
41824
9151
98389
98645
23387
40184
27795
53738
83847
59991
8681
70789
82618
55378
57435
50254
50440
59427
44007
90564
88959
38633
51408
32429
81556
36923
25601
91934
91535
82243
54494
33360
7747
52883
32005
31134
9420
76152
84872
93267
36143
9905
80409
35114
65284
37844
85368
32076
97271
45727
22640
2582
84361
74048
35012
82269
27324
60613
90556
18859
59209
45050
68571
66956
14286
576
98090
23706
93080
99314
33325
45576
9220
13734
80690
90856
67931
66058
22932
81554
28138
61924
84137
12499
35973
19149
11120
79649
79762
1676
98508
38971
46727
67080
22279
77365
84008
20369
17423
77089
19684
50748
22665
45256
80835
19707
52464
48766
2117
75396
30320
30255
37320
14457
42754
89645
49958
53875
69294
46073
55551
84155
1396
18630
51235
23676
95995
51595
44045
13418
45036
80081
80519
84053
41689
61354
3760
94153
26472
5878
85901
56792
36133
23222
87602
95240
29219
53912
65467
98514
99985
37370
82669
1382
56001
50256
41410
68348
1851
85455
98119
63240
81889
78638
47293
23578
56344
51054
34084
82816
56932
19985
55960
9417
59559
59914
4657
88779
13827
86476
3645
30164
23847
2666
47898
79848
52922
89308
64548
71125
91116
62667
34365
73005
57657
81659
12935
30353
49065
63371
13169
22349
83357
85482
31766
59268
61748
52776
64399
91927
39252
68044
22092
63099
70710
86342
59299
39984
75651
40200
27462
83119
19219
78179
72476
76877
76190
85411
7230
25255
48783
36752
47604
48492
38586
95723
7760
334
48499
72160
92262
4103
56556
30706
67203
43619
17048
42854
99955
9051
83054
43769
92170
2274
21949
64646
95503
14491
66410
2733
39747
31545
55837
3703
80037
10775
99426
4149
11110
64277
92661
19724
68381
65570
50430
51936
9189
67478
94790
9144
76530
77845
52914
85052
96471
91215
49699
91974
5706
32461
11059
61805
64006
66897
65509
60395
77672
81287
80896
5134
61917
73558
24858
30298
39128
75288
98586
64669
59119
93376
90165
52001
87573
59431
37053
84044
50646
3104
92370
72705
35565
3430
34510
99571
86679
16371
76318
80703
97659
57215
85838
59576
30773
10696
6226
86253
2337
4812
67274
61456
14540
57439
29809
18466
16871
66862
18862
83869
86319
11233
56574
21884
14663
91085
37808
17694
7456
14126
98397
21467
71341
84235
97395
18466
11284
3621
21071
13621
24785
88345
91429
55678
62137
21238
74144
79008
4452
9358
62877
90771
20591
19452
12656
51606
26889
66816
69300
34345
80942
67698
55813
68636
68285
69560
3454
79569
73182
40878
9542
14319
29223
971
69997
91360
22209
60493
86720
26662
86204
49598
33785
23147
85402
46441
74754
12291
13257
60406
62988
10552
44456
35153
95540
29094
4714
98994
8663
77896
39872
18206
8567
85448
35529
94917
93160
57739
55410
96233
753
41614
45831
34538
64762
47585
97332
55868
59876
26941
32626
22864
53845
93435
58018
49385
22529
62732
64732
47544
56980
20956
82102
81899
6404
17632
76816
15917
91723
32227
12150
8828
90193
74333
59718
71307
38270
73402
43527
98146
344
92506
37362
54189
85941
11732
19927
24822
90816
84659
88718
64148
5615
70821
46048
28372
4805
22864
60641
12880
71443
89143
38060
77989
79828
97778
49296
18098
71181
9176
32596
87877
1682
69958
58418
87623
98043
78345
28797
5211
79356
33867
69360
1324
21040
31760
46048
25845
54624
6689
55077
42420
95832
93137
20409
92012
90916
86057
10110
78449
95233
42706
82678
96915
12664
41096
890
27059
35794
46039
32271
31502
79907
17983
32826
947
49743
78874
43145
4367
1915
98222
63139
14099
91360
99900
6111
98628
85958
16221
93429
97543
58927
76107
94459
87944
33555
11701
31355
85701
57741
63626
33556
54000
81609
66382
54947
31352
61609
98092
52072
79876
12667
31563
93976
20379
31464
16439
19007
17422
49013
28788
14965
24292
21247
25776
12236
71154
53830
59944
56856
27923
23570
90412
81923
21532
73146
36870
69236
51107
51315
37660
30984
63982
69224
41312
713
688
74103
19720
34462
23116
64860
65779
47409
2459
7908
75997
73613
61738
35941
46821
89661
75864
53585
71584
97396
43084
24806
82984
94191
92473
20645
41527
72807
6221
82839
73520
6909
73295
9592
57723
96411
90804
23502
43820
93263
31410
36170
66877
9500
72111
13698
99161
47975
83636
87097
61723
26720
28256
61060
20911
20729
81705
78791
9889
87926
77982
83409
11187
51277
9354
85262
47689
158
8764
7861
93422
56527
44031
76651
66027
16143
90349
81541
80470
90337
68638
58546
17057
96894
19606
54321
33976
17663
33112
43865
21941
11094
43626
49480
62372
69332
34742
26413
69491
59858
34274
79265
32737
78306
55916
98765
10801
62617
96658
91271
52955
81648
66169
70012
78543
85775
24333
28871
19790
73797
89088
58083
84892
32714
7563
63616
18399
58657
90029
87890
18516
24303
67155
51253
2609
23071
66370
13410
85688
79380
21034
54995
61029
87203
25008
39572
89331
65693
84795
25473
55843
73883
83557
40735
22949
7472
20703
41348
66130
10732
45590
998
51387
12745
68603
53997
52168
51326
83759
54209
30706
21145
9204
91735
8349
50564
47659
14032
32610
32454
39505
88453
22689
39414
45540
61991
46887
66243
19691
29369
93327
65282
46719
44714
94379
15322
98711
46548
66648
98823
17109
13707
19968
26313
5442
44669
93230
69454
58701
25840
18260
14559
30645
40950
70325
76185
19293
17212
58780
38984
62933
52107
4266
9652
96821
14998
41327
11885
77898
24327
27060
95007
38034
47028
37672
59829
8050
30902
29283
83103
73094
47543
97662
3739
4845
67988
79924
24138
1552
38704
63123
80838
7163
83741
6842
3985
98739
64521
32222
76637
88849
59282
71644
43235
22662
25669
19416
30712
56571
48699
13816
29666
12595
27830
49757
33792
12170
29682
57931
30075
84738
37406
27265
8254
37499
34107
12239
36239
14981
44461
29228
20182
20095
17225
63417
42757
42894
82834
89822
15817
47885
19990
61835
76832
64172
11593
26977
76343
57627
84908
22770
58717
38666
50035
66971
76165
494
95562
28756
15475
56375
74337
35657
76470
91562
15427
35580
50808
14613
25402
66625
78850
45392
44813
72035
9564
72758
99012
2259
30385
272
25029
5454
55290
91416
72426
47807
8263
67988
76564
40090
40716
67253
92100
17186
75167
7527
52766
25975
38492
94520
8952
33694
56264
70117
5729
65829
42875
21093
84440
89612
21365
25822
95067
93007
17238
67493
40815
41853
51833
33731
81944
92549
984
74044
26088
76151
97923
95206
2126
52767
89727
27430
86461
45991
97548
8543
28172
40423
29636
12613
30036
67354
38435
41455
60361
72025
25300
1176
13879
77133
34907
12175
86035
52243
86219
28475
28394
494
23681
46872
53261
29760
90655
39722
75752
88203
64617
20276
44978
94254
49241
91366
77960
87676
32821
38321
76054
58121
55850
6285
51607
90757
18460
37642
43001
21031
82469
87747
21525
6150
34620
91138
35911
41627
47212
28015
29830
11830
48291
91160
22436
97533
82527
396
1561
15348
38717
93967
73470
94567
16604
25077
1677
35064
79071
61030
72447
61540
48777
93972
84042
99749
1462
19953
41376
48675
64320
87558
60505
28964
78719
82941
42849
61246
99689
60762
76594
38406
71082
66416
49326
87686
91493
51003
22751
86916
12033
95198
48456
77162
5523
32499
76912
23337
68804
34640
72012
49477
22199
48869
94793
918
48162
37642
62164
47851
14756
55110
2610
85838
21527
51936
73525
29372
2939
12628
16289
31324
7826
81097
8486
29701
29948
1750
69391
15105
36391
41403
64582
58590
6625
59375
75860
54787
13369
38024
2639
28125
9486
5249
30316
31013
73537
3841
76738
92828
16469
93027
24152
40647
90476
48990
86701
20425
50741
56092
35530
3484
97495
16464
78426
4120
92191
54286
75260
5560
8662
94251
50037
18148
15852
80353
65514
89389
84194
42252
82217
17015
51631
22721
57663
42107
88063
60716
78884
38804
16808
14414
58640
30655
30878
37066
51128
23069
91352
26388
44981
14
36991
95019
34515
52843
91724
29
42232
92271
58633
40801
9286
10264
79874
83301
68723
67937
44017
47608
23094
77177
78374
81734
7833
9253
35153
58961
48674
26505
1701
10008
42872
38692
21379
77387
91535
13103
77416
50119
5374
52401
7272
31013
79017
87146
30666
47740
71435
91036
11700
94529
68213
90075
92616
76046
15680
27769
51359
80706
54274
53060
90714
13498
91752
12093
90885
99639
41549
84653
49758
63275
37054
73382
10640
16071
60528
41307
80164
31964
32343
91864
42845
16908
98291
35461
9307
30323
79582
60666
11030
50209
30079
18096
63707
38183
46542
54593
37823
88091
55598
3933
51366
92653
93668
62007
8724
54196
19666
5240
2512
68361
97105
61710
85269
11748
13523
10928
42072
93106
71595
69454
59667
18026
3902
23374
56209
50444
94319
10384
38535
49918
30670
6254
58923
24338
84613
67647
94886
4279
89240
13751
88992
2697
75461
74261
14445
5336
85190
72869
98442
73137
42323
74461
7515
46226
97836
63724
13022
8507
90461
67910
58425
37483
74164
17348
61821
75129
1348
73059
79408
90588
86810
68400
93285
78623
59013
24082
83960
60555
96952
98754
50044
55627
73216
57559
18205
87404
37636
31228
95911
44449
99138
70689
81932
89654
4389
43753
64783
5737
16812
60543
12677
19975
45295
22314
98598
4308
62749
98910
81216
59701
97665
47612
15328
87233
5172
33534
74637
59160
81114
86900
3609
80252
57589
85541
69906
61979
45646
34689
84068
78810
95232
13098
98785
40527
35412
13736
61187
98161
12646
58755
74214
26663
6368
5895
30248
27892
55781
4885
87052
36895
8138
7013
17147
65727
92554
3405
27706
38200
38094
28127
33362
49678
41225
32148
6557
92989
45884
84096
7503
74882
42852
81717
17898
65572
87612
48146
93464
59745
69384
96868
96640
77522
3881
13787
59601
12787
33544
3660
67339
71638
31787
701
37668
73012
49201
60577
82353
95085
44674
89856
86320
3878
87926
20570
69450
91890
68716
79266
51636
54452
92486
48276
31974
96367
78416
91576
25506
11960
95236
92845
99951
43375
9898
37619
32739
59100
98197
15092
70537
59223
21301
56857
63101
9227
77427
48903
1117
62496
28169
52753
16948
20655
17382
65275
33374
95798
56851
58880
24110
68439
68077
24061
11814
77975
78033
44553
37075
92582
75997
7613
68157
97298
80822
31258
6525
74602
96513
23995
37098
41034
93100
70398
78041
10482
35673
27767
22632
92524
86647
46743
77315
71076
87156
89129
65403
81541
50034
18831
74123
26032
26444
42280
23330
23618
89890
46208
98220
86403
70203
51670
43789
63303
22069
21830
90138
57742
49597
12770
66619
52596
75865
43934
40024
63022
49416
5428
44563
99450
24259
35039
41834
67055
93671
81517
7025
83562
27725
5246
86317
14280
73268
46459
77583
11689
68289
84073
69432
34239
96844
52403
86835
72709
96337
26860
52083
62105
48640
12999
61556
72899
64390
19742
56306
58061
1259
63331
57975
45336
84929
60645
75968
58198
7104
53552
69887
75393
53977
55671
9632
50821
8074
12820
39883
20764
56032
8318
82869
4672
21317
60777
93923
85707
80520
50229
60121
98131
13560
18096
59820
98490
78741
35788
73040
85845
5692
59279
77591
59670
31303
3575
26843
55729
16395
66726
76493
88779
75045
59363
93451
12714
36492
87374
14774
33364
37603
74895
31496
67516
92991
7668
82358
88085
43456
71750
90282
65501
47381
67873
25171
78684
87801
52014
34414
20548
35093
27259
9328
10138
2974
2779
39204
39467
6506
53978
72831
60461
28873
20679
27977
38217
28347
26687
26302
88156
98437
16584
53657
62171
810
95180
40855
88611
47194
91621
9159
98639
18881
18487
25129
38207
37619
64334
77674
60477
18312
66858
20938
63538
87537
65268
1755
32237
91955
44409
36745
6745
60993
90402
85268
78155
85582
26123
66766
49128
34097
92278
47768
69330
27117
72897
7537
64736
53583
1564
25213
71896
68422
62504
51786
72311
27772
53541
20900
36079
97950
57645
59176
75295
64399
44444
69803
49981
86920
52921
15462
21017
45199
79582
6699
72317
68831
14236
53405
22415
32152
78619
10663
16926
57475
62449
89238
85247
32342
26490
21326
46644
84136
96855
38291
48535
41299
8094
14869
44571
