4963 4939 433
2317 521 270
3604 4288 871
601 223 871
4862 4050 274
4757 1289 261
2714 4927 508
87 71 384
353 4038 399
3299 1516 38
1043 2576 134
1851 3891 73
10 15 20
3284 2560 946
1554 1165 587
45 10 20
10 78 438
4778 1766 810
649 2981 860
276 2738 501
2889 1805 428
2397 2158 818
3796 458 334
4186 2853 262
2320 4704 505
1746 2989 66
1692 895 583
2279 673 349
3089 2675 682
4301 2951 773
1802 2192 578
583 4589 736
3401 4738 546
4088 3924 399
3702 1245 104
2208 2991 93
3274 4683 988
1857 3315 662
3558 1404 337
4593 2058 640
4718 212 832
296 2147 773
4384 549 511
3931 4637 436
2682 4691 33
4786 1899 376
4879 1525 411
2220 3382 726
3882 3293 483
4571 2886 541
4563 2604 105
395 4252 253
3520 4988 154
32 271 143
1820 2954 834
1205 2740 734
3581 3972 259
1992 1192 994
3719 1426 287
4554 997 525
2447 560 481
552 2307 733
2157 827 721
4311 2211 345
2454 383 299
289 1588 391
1375 169 715
3986 3514 907
4980 3585 685
619 3139 34
4144 586 946
1625 1138 605
4710 3296 433
2784 3959 996
1129 1414 380
3780 3055 968
4171 782 490
4887 4768 4
3146 1101 589
2832 1720 80
1218 2217 666
165 3842 804
2770 4905 452
2555 2689 764
4552 3818 530
3284 2598 937
3604 3121 719
4094 4360 487
4450 2507 940
3391 1691 661
471 2909 878
3137 3074 72
3294 2197 977
3098 4752 666
1862 656 836
3392 3940 786
4329 2545 908
2400 1639 620
240 2442 127
4180 833 170
4841 1305 80
4071 4442 506
2144 2736 703
121 2187 808
2140 4049 464
2976 3794 405
4115 4475 950
3375 1876 941
1995 2116 383
4475 2648 217
3645 2490 874
2077 1561 316
3584 57 405
3639 1531 592
3447 3671 993
3912 2999 139
4669 2114 615
2971 1841 843
2912 3837 311
1648 3312 959
1217 3309 801
2091 387 715
2407 323 772
3164 314 303
4756 3762 326
3102 4026 326
241 3695 792
3208 3018 634
3051 930 823
1362 3930 487
3674 147 148
3475 2238 887
1190 998 210
315 4162 525
4618 271 639
3945 3373 17
2623 4966 64
4767 3175 82
3753 1226 364
2928 3941 295
415 3967 442
3916 2442 681
2803 4985 31
2014 300 193
2891 4918 464
3882 215 189
251 4190 156
315 3958 683
4749 4063 909
113 1992 202
4408 3759 169
203 2675 964
3236 479 949
2267 3845 249
460 3088 519
277 1970 735
4818 3573 277
2974 3888 587
2009 4989 651
919 102 643
1473 863 754
4643 1066 430
1607 4302 909
3556 1569 106
2157 3381 194
676 3658 516
763 3477 89
41 2803 329
4628 4813 318
3279 2084 772
274 4909 635
1029 4552 53
811 2511 707
1072 2419 276
178 4576 658
2372 253 668
2888 2368 497
3329 2409 653
2658 2038 818
3328 1669 254
4100 3296 163
2088 677 68
1141 1488 579
849 2560 351
3477 4090 927
4487 1462 532
508 702 901
5 4031 662
10 3041 52
4828 1369 722
3082 469 370
2598 3909 399
1666 51 887
3245 2252 799
3596 2081 889
4876 1569 703
2760 2077 405
1661 3434 788
4324 3445 829
376 4625 198
4450 4060 19
3172 1658 929
2571 3324 332
4810 2921 936
4609 2870 17
4850 2746 586
2905 506 15
1662 3520 450
4450 4196 247
279 924 872
3829 1727 284
4201 4899 942
2130 2471 618
2814 3633 892
2102 4595 762
2119 4445 860
58 3703 718
73 365 238
4875 1168 786
4474 2799 63
3699 1629 790
1983 830 689
3278 4312 512
4248 3478 498
3140 580 93
4902 4051 890
2114 4109 593
4833 535 311
2423 1762 479
4210 1237 278
3273 1288 259
415 3271 89
2456 2901 753
1969 2150 583
2819 290 515
1912 1545 567
1802 3659 676
396 3492 563
707 2268 326
3538 2830 915
2816 1103 203
76 2870 826
4517 326 728
4623 3647 878
3206 1466 520
3722 3378 65
3289 181 77
3317 1929 921
3881 3988 189
2559 2526 19
2474 342 474
29 1770 344
855 1288 671
4583 911 318
461 469 137
4334 543 515
3399 3832 48
3828 3502 977
2750 3735 965
291 1294 843
4311 120 538
2137 149 308
2834 1004 948
2505 588 859
2175 2401 681
3312 3087 224
4180 2839 409
228 1667 263
3206 4417 998
1523 4709 644
3719 372 764
1257 2509 913
565 343 269
2514 4200 209
1725 2728 963
2758 2392 50
2983 1572 889
4744 3153 557
7 2711 326
4005 4234 387
649 4305 759
3765 562 621
2030 2480 316
1299 1346 869
3861 4423 949
3824 2182 341
1874 1517 266
2764 2613 419
1673 2620 130
4999 2977 716
4387 4978 22
498 95 584
471 2125 416
2140 4776 114
3009 3637 538
2958 2461 72
299 4336 941
565 3452 554
336 1477 526
1466 2828 503
3183 3567 833
4205 4066 928
2141 889 53
3910 3029 829
2024 1038 819
914 348 280
1986 2000 968
2279 3917 772
3833 4254 249
711 720 78
566 3903 645
399 4460 63
1679 1602 953
84 512 982
3266 2536 373
85 4803 73
4365 1789 73
4334 421 991
4106 4254 597
1708 4966 317
786 1884 573
4783 2284 33
4199 3963 987
3152 400 499
1486 3666 388
2211 3751 191
3285 3116 332
1358 3802 753
4701 4261 360
3650 969 678
1968 3107 562
1893 4242 198
4926 3441 514
914 2945 914
3765 4432 580
505 1643 331
2048 1280 799
381 3991 954
486 44 215
4846 3695 536
524 663 643
4439 3908 237
637 186 679
2151 2452 624
417 1218 408
997 3075 404
1680 124 684
480 1857 675
4434 2343 720
4001 3542 767
4537 418 782
4532 4857 690
3769 1847 876
1448 3998 329
3425 4416 899
4833 1765 974
4237 3446 450
4922 278 307
949 1064 651
2021 1417 193
1788 954 611
3570 486 821
612 607 668
1489 2056 18
1170 481 786
2069 1666 552
2395 904 350
2846 826 980
153 3127 396
4804 149 813
4349 3289 767
4313 1860 605
4134 3824 212
802 313 620
2820 1483 101
607 4904 120
1511 2300 24
861 146 202
3193 299 329
1589 1456 830
1402 2157 120
3521 1470 332
1126 1956 156
4338 2758 822
2311 1931 305
764 2538 562
884 401 862
1908 1262 360
110 807 11
2792 2396 819
622 3798 977
1742 2319 799
1074 4797 756
583 487 866
405 2798 797
3062 3563 687
624 4447 88
1838 1356 702
3198 2818 509
1210 610 257
2029 1233 55
1358 4327 726
2158 1754 875
1266 2337 363
3132 2742 513
1930 804 76
969 2781 876
4058 4619 584
1112 2818 402
3974 380 365
4231 3761 598
4639 120 277
2365 3630 31
2593 1248 368
1956 4380 462
1821 2662 619
3898 3632 400
1774 4042 19
2358 1506 837
2112 480 569
2477 4712 331
427 4351 803
2705 3068 433
3088 661 681
4457 3969 413
1271 791 428
3890 1041 60
4290 2815 454
662 1525 960
3499 4989 441
3069 2467 153
2752 4246 856
2555 1951 924
2340 1392 586
3373 849 907
3786 3472 698
3214 2363 91
2626 3005 258
1080 3667 783
2393 3519 773
2834 2940 592
4339 692 838
1547 4599 142
471 1939 534
1409 312 735
1317 4098 559
3367 3665 922
1459 1291 280
69 3724 299
3853 1117 818
3978 303 758
2922 994 802
1112 2541 401
1254 3012 692
4140 774 4
4227 3443 455
2787 3162 120
61 973 411
341 1043 487
641 4896 604
811 226 259
2570 3148 253
2724 612 794
2478 1867 159
4170 2359 933
1175 1587 728
3630 4374 890
4750 4435 864
3513 4777 907
1001 1770 155
957 2581 733
1217 1503 881
3822 580 493
2617 3058 712
2128 2228 72
2413 4755 11
1141 4737 385
3031 839 172
895 705 949
1154 1706 71
1309 4015 5
3042 1584 508
4275 407 88
1121 4376 498
1185 2856 727
3609 269 834
2620 2762 572
2357 793 763
1530 3041 468
1831 547 526
3903 3209 542
4908 1251 478
3768 1879 237
1857 4352 613
4355 1889 469
434 499 90
2621 3119 852
4545 1829 998
2308 3359 39
777 190 938
2303 4093 147
4197 353 751
2676 4122 630
2913 979 334
3879 1686 223
2700 3473 74
1791 1094 546
4995 639 375
3993 2947 734
2384 3724 924
1323 2380 18
3470 1577 723
3221 4253 845
1203 3519 176
4889 2398 863
4113 98 336
187 3241 430
2085 4589 421
4460 3582 368
194 2319 445
1119 3642 825
2489 3464 402
4212 3038 8
1410 4241 527
4586 4131 277
4449 4596 727
4137 1135 321
4919 3221 910
1340 2681 844
709 4228 163
154 1699 805
1979 4188 622
1733 4752 660
741 1162 253
4620 749 736
2249 1550 332
4977 688 820
3650 607 393
560 1948 74
2404 4009 654
1568 4163 353
725 2494 541
4699 4227 646
359 1321 160
2965 2293 909
4701 4543 460
2386 872 500
1206 4522 107
951 1434 407
3377 3838 416
32 1758 931
3385 3836 777
2279 3535 357
925 247 678
2085 3212 323
347 2913 218
159 299 90
2011 2857 964
4470 3808 398
3878 2186 589
3646 2218 699
2578 1955 535
355 4234 423
64 1511 670
4742 4949 882
4418 1648 147
3636 1807 447
79 3818 656
1043 3288 817
4794 3518 3
3735 2165 573
4434 1095 528
322 2802 115
1097 2867 978
767 3961 927
1 3379 927
2148 3368 86
947 3447 256
2604 4490 897
4421 636 415
4776 4371 932
3701 158 379
3229 480 534
4696 2929 401
2675 3696 714
1954 49 446
2882 3549 814
3320 4497 261
2577 3453 751
1474 4226 388
3889 354 111
1174 4055 269
4553 2284 101
2087 3333 30
3840 2360 78
907 4314 127
1353 3548 677
167 1869 526
2428 4446 979
531 2272 557
2919 1161 911
2383 3687 966
652 4593 602
754 3032 935
136 1873 647
3215 4132 962
2694 485 862
723 652 83
3249 3080 881
580 4963 153
3489 4235 667
400 1618 354
2718 2270 947
2321 4376 332
1608 4513 557
3256 4080 689
570 1774 174
2784 2498 826
1868 2099 258
3101 4032 573
255 2521 808
4922 4274 426
4628 1992 697
3928 665 425
1260 3626 938
1817 3234 18
1506 156 145
3032 2940 995
210 1160 94
1820 4262 478
3393 4517 352
4202 791 626
1628 1771 970
2677 699 988
3103 3311 614
4393 1480 200
3412 4338 356
557 2370 296
2904 3932 457
2350 752 71
829 4146 940
3181 3348 731
1159 1328 854
2481 358 554
4469 3461 217
1435 2854 698
1635 2618 388
1991 4527 759
288 2431 43
1097 4782 796
1168 1963 942
2108 1496 642
191 4007 322
45 1488 680
1951 958 141
3521 3745 348
219 381 318
3959 2372 846
70 4012 629
114 1461 763
910 3981 726
2204 2441 222
1846 2632 229
520 4030 70
3201 2333 28
694 854 125
1042 2425 506
361 1385 231
559 1455 243
3188 1569 57
1952 3831 38
2678 1035 480
1253 4233 464
3834 4754 494
2904 2955 828
4284 3649 682
4410 4692 108
4916 1405 845
499 1964 300
95 1504 222
1152 4808 53
1190 3839 89
22 92 322
1487 3926 76
3333 3183 31
1161 2467 33
1196 1877 725
3656 3146 482
2501 3645 798
4153 92 654
2375 1244 463
4429 3787 302
2518 3809 394
1192 1648 672
3269 4982 207
4652 2495 675
4685 3691 904
762 3699 402
3244 2552 400
394 1706 492
4049 4081 737
2512 4862 876
1166 3732 685
3560 4925 686
2584 4546 668
4792 4198 163
819 236 207
3723 998 906
1126 595 459
4878 2341 165
2370 1390 598
2459 254 461
1335 1420 545
373 1332 470
1059 269 16
3079 61 567
1242 2232 803
801 955 153
2708 3433 748
3519 4663 90
1036 2034 832
2634 4493 87
447 2181 859
1993 3906 192
4815 4965 461
2184 4396 874
3751 638 106
1906 2792 413
1059 500 199
808 371 862
4250 1407 896
4082 4041 742
521 841 275
3381 4186 181
2573 4001 498
3386 1185 894
4260 1288 884
2366 3194 676
4131 606 528
4330 2766 899
4193 2016 306
2441 2450 700
1535 2972 893
2810 2705 79
2991 1630 432
841 16 618
1735 628 258
972 4346 805
1648 3477 411
4177 2808 529
3428 3353 545
2735 794 347
3787 2330 671
680 140 376
1759 4484 358
3191 325 374
2161 3413 2
3772 4385 348
3577 1033 178
340 1562 986
4869 4991 691
2766 4078 485
3113 2865 167
2785 3545 660
1513 1656 144
1872 4847 821
3598 3361 586
953 2133 971
2653 2062 357
2831 2402 271
2169 3623 614
4860 1389 692
3346 854 909
1865 4991 454
525 1505 462
21 3377 662
1195 3327 23
781 4280 508
4753 1934 570
2462 4765 324
1733 1935 947
2348 1795 688
3392 1493 542
2302 3359 534
1108 236 391
1571 258 120
3233 1453 447
3256 3586 728
3116 4691 662
3686 2153 427
4362 239 714
3661 2587 862
4349 979 355
2243 4633 66
129 742 655
4520 2313 913
3640 546 718
2440 154 656
4168 4622 348
4182 3308 501
3961 4022 740
676 2683 679
1890 3384 11
4597 627 644
664 2109 386
3319 1629 51
2584 1622 949
4654 414 455
310 4582 77
2010 3764 737
864 2725 759
3604 4753 442
1636 1643 826
647 1241 806
643 3257 915
1382 2928 896
4433 1864 870
735 1518 284
2190 3180 866
4620 191 982
357 1055 60
117 1011 165
2559 3999 809
4738 998 402
2544 1642 11
3811 4376 939
1707 3809 803
2578 896 673
3862 3087 205
1081 2707 396
2063 4416 803
3475 4533 167
4641 3445 166
3802 4535 165
556 2079 159
567 890 535
4858 2597 696
1013 1527 593
3686 390 32
891 2823 91
4640 4886 507
795 4714 393
2962 707 838
481 861 373
3998 1417 804
4157 3336 46
44 3194 995
1092 4207 523
1685 4245 265
3069 1488 88
2160 1128 326
2020 1924 40
1413 1238 99
603 1719 960
4328 717 729
1484 1226 417
4530 1270 963
1525 3715 522
1400 400 767
1665 4822 256
4753 1982 736
432 354 660
4472 3119 251
1924 3722 970
3884 4402 688
4966 886 266
735 1768 889
4699 3294 604
4221 1046 4
4341 2712 178
4597 3817 161
3685 4249 867
4698 74 987
1949 1998 61
919 2234 816
1959 3552 702
4226 4288 823
4115 3987 469
2719 4560 515
3075 3901 579
3254 4850 397
1767 3536 998
1986 3234 72
3973 1535 422
2387 2454 657
203 766 561
257 4992 849
2080 459 836
3549 4530 749
2417 3957 650
3996 2211 501
745 330 389
1744 2317 623
4168 2642 158
3591 29 964
248 1584 730
3161 1842 74
4011 274 533
199 176 415
948 2593 373
599 2941 936
1452 3687 267
841 1783 936
4816 951 578
326 4542 960
4642 1142 544
4725 4304 738
4799 3315 365
1685 4866 541
3100 815 486
4825 2766 427
3762 4218 466
3029 1411 249
2317 2579 201
2895 2905 95
1207 3899 238
4752 3624 542
2842 3424 209
1207 1461 75
4748 913 242
3586 739 8
366 4501 578
832 3882 341
4434 1199 920
3987 446 177
3082 1654 77
4672 2758 701
566 600 477
4775 3160 938
203 4260 852
1445 2847 591
1806 3213 444
1384 397 326
3726 4831 877
3646 170 323
4176 3253 977
2253 2925 87
3954 3492 40
432 4619 200
4722 4822 460
3574 2620 659
4517 4426 224
4961 2162 622
639 2240 805
2516 887 976
4840 1415 581
169 3668 858
3257 3974 350
4649 758 322
2849 481 496
1661 407 116
3321 1277 894
897 1238 57
2519 3230 297
1677 746 536
1005 1938 951
3586 2108 971
1796 1717 946
3499 1366 704
4821 567 537
2317 2228 945
3786 1901 222
1032 2799 812
4089 1670 394
739 4699 141
4627 704 431
4931 642 891
3902 2439 608
3200 938 326
3257 2111 245
3794 4428 826
1091 4566 727
4665 599 878
830 1040 901
224 3131 600
1717 2759 657
149 4042 651
2040 4296 442
2001 3849 380
4679 2106 843
2925 2252 272
1103 4696 190
4830 713 141
4061 1543 182
1314 3120 313
1914 1189 424
923 2690 818
575 4731 115
369 3084 964
4750 4115 422
2593 3392 674
1217 4495 722
760 678 436
901 4739 331
3435 1053 451
4101 4319 641
3877 1595 331
2696 3522 414
2163 3891 850
479 4993 318
901 3939 710
4927 1508 558
3650 2268 236
4438 4522 327