2549 1336 76
3760 3005 994
904 4486 666
4378 3455 398
2612 2953 104
4189 2317 935
2975 2483 711
4270 3242 135
1170 3963 934
707 2863 942
571 1765 278
1647 525 283
2993 1430 121
2659 2160 577
3410 4772 530
514 3962 200
801 3289 35
2864 3911 278
3999 81 241
1286 2141 457
1228 2712 574
3859 712 99
4494 3705 881
4616 2717 41
3193 2479 814
1075 2993 128
1275 146 769
311 3010 680
3941 3362 114
1534 4648 255
3343 2228 319
1917 1087 31
2369 1934 89
4250 2902 158
3292 1095 637
3458 3522 630
2586 1150 128
1355 2813 490
387 1754 852
4501 4640 852
2108 2984 81
2428 1253 520
4811 3622 806
900 2873 708
1058 1165 155
3695 4623 678
677 3561 828
4157 1268 641
648 1655 747
1852 2509 387
2705 4617 723
2138 3397 977
2658 3209 599
1465 4109 472
3173 1520 989
2329 1567 964
1359 3597 877
1539 2754 145
3180 3402 153
4279 1607 14
18 4312 983
3742 1450 381
71 460 590
3670 3277 51
1495 2803 571
1836 132 491
1801 2843 88
3030 4382 194
4176 3914 949
4681 3193 556
2695 3211 868
1678 3305 670
4059 3376 130
1001 3399 408
3405 1246 211
2328 3082 695
2819 1235 890
1907 4266 272
1454 4794 186
4403 4475 731
3959 3522 942
2827 200 600
849 612 328
4331 2965 79
1091 1370 325
654 3699 408
1701 1518 643
591 4778 261
3863 1232 55
1049 1987 882
2780 946 404
4075 125 957
27 974 921
4355 305 886
3435 1397 609
112 3403 308
3520 105 178
4516 696 308
4777 4560 892
4833 1961 879
715 4742 825
120 169 302
2429 1548 276
350 2255 934
2588 2042 683
1197 2155 86
4857 675 191
36 191 888
2696 1321 800
2941 1154 761
172 3221 855
3350 4693 376
1652 2122 924
2281 3824 180
3215 1413 222
3250 2610 377
336 2468 405
3880 3856 948
1768 2904 269
1920 845 775
2681 2370 997
889 720 42
4265 2372 165
4190 4653 341
1370 4220 754
1944 2470 365
3322 2807 185
1727 1687 393
1675 4807 649
4297 1727 495
3072 760 217
1421 1649 937
4464 915 309
981 1457 315
1322 2827 535
3077 1123 6
3794 4445 813
3331 2524 852
3076 552 11
725 1201 90
572 4273 850
2789 695 852
726 1511 767
2388 2492 224
3703 166 403
4238 4595 526
2244 4741 324
4409 3072 200
3261 1148 104
4624 3226 305
2714 3798 579
1565 1588 626
3417 3666 137
2536 1054 981
3112 4757 147
2867 3996 743
3745 2592 484
4069 2002 909
4622 263 409
726 1240 635
4384 3954 786
963 1871 374
941 1640 392
2430 4176 447
1411 3640 556
1910 1507 552
653 253 145
490 674 499
3399 296 762
3808 2375 354
3796 1759 309
2582 4074 180
4308 15 821
4700 3797 349
1147 208 990
3704 3470 497
1608 4124 750
2105 966 777
4604 4365 73
3719 4525 800
4073 4673 559
3382 2255 985
915 1563 352
3736 1264 149
3437 3763 709
427 3819 180
277 1780 656
379 3885 622
1156 4842 339
3582 3561 864
3382 3986 538
1294 2369 145
3279 4636 709
1632 4724 325
3781 3161 440
2491 4941 260
1023 218 392
3679 597 277
2301 3106 119
1640 1688 32
1856 1422 19
1746 2716 388
3892 996 376
3953 3980 100
278 2761 261
3070 1604 202
4682 2627 772
3074 2658 370
1704 1311 828
3823 4303 516
856 2512 938
1875 4258 7
1615 3150 3
991 3455 983
1443 3733 96
3704 3156 53
2259 2838 32
1031 2265 691
1753 3969 354
581 2792 658
2449 0 170
4388 3227 428
395 4842 931
3750 2185 386
1085 3628 472
1181 3685 628
4234 2296 818
1267 3327 83
2310 81 52
4664 2014 197
1322 4464 549
1844 204 777
1625 599 971
4556 701 509
2294 1786 137
3766 4319 174
4746 4906 470
4917 2525 150
2352 4835 583
3757 851 597
2954 3526 61
3503 370 617
2280 1995 216
3604 2903 269
2113 198 407
4250 316 727
2777 1415 985
3599 1332 510
2749 36 697
3332 3793 548
2282 1747 74
695 1603 445
4313 235 792
3529 3839 696
1151 952 246
558 1555 914
637 4332 329
622 4283 13
3132 2033 50
1829 1717 843
1378 3999 943
804 4695 546
601 4008 781
2394 3889 973
3442 40 925
4688 1951 480
2602 2588 164
3284 3211 448
297 1343 833
3699 4525 550
895 903 550
4838 3059 245
1736 3661 253
2517 2407 494
4842 849 535
1768 1889 486
1600 843 74
765 4127 285
565 777 981
2398 828 506
948 1723 761
3498 1561 820
2095 3297 833
4700 2167 240
1195 2009 89
2730 129 978
2568 1730 174
4994 3847 301
4280 4412 430
2613 3162 259
4119 4110 982
4232 3961 896
2404 2408 193
4238 2109 712
3478 3304 722
3568 2386 203
1898 4954 933
2424 4948 780
726 580 544
2508 4545 58
119 16 169
3102 4248 482
350 1653 242
4543 2243 351
3608 721 7
4682 641 393
885 3892 699
3819 1316 0
1951 3394 580
848 2255 126
2906 2374 494
427 1828 743
3261 2178 748
3504 3074 343
855 1682 64
2863 2716 58
3608 3601 302
4308 3772 618
1308 2076 365
240 4276 620
3718 2182 994
2213 3962 175
1308 2223 353
2056 2079 779
1399 4287 813
2815 3502 529
1225 2110 131
3527 1418 255
2146 4078 331
511 4319 607
2483 3037 142
1829 1602 104
3004 2910 679
1358 1318 759
489 4069 46
1303 1885 548
4832 3110 10
3315 1638 781
571 136 859
1254 1999 178
4862 4482 568
3356 1311 170
4460 668 433
491 3378 751
2250 3867 821
4648 170 58
548 3 520
3559 4670 158
4340 241 646
551 1496 997
1082 2710 479
4650 1066 143
1172 1878 811
605 2369 189
1357 972 408
2530 1972 579
588 2521 934
3108 2432 604
3619 3124 846
617 3675 694
4615 4757 404
4446 759 822
1941 1932 700
104 3889 421
1645 1598 393
2054 4128 366
2633 1068 239
4567 529 23
2523 500 147
721 1117 174
415 2084 284
4171 1531 43
3993 3472 327
2045 3577 217
2467 222 815
3860 2276 296
3578 1261 364
2169 2180 245
4544 4704 745
3691 425 215
4218 2193 299
4502 1364 830
545 1710 655
1225 3755 232
4442 1222 806
609 1435 435
905 1365 696
3622 4887 229
3219 4431 933
1965 4475 710
3180 3693 255
1479 4547 972
2662 1444 682
2317 2669 789
1901 2111 364
1707 2721 799
1494 4978 516
1191 4952 755
772 3172 187
57 1489 662
4767 4669 707
4375 2500 254
347 162 698
3029 2479 368
818 4380 831
1182 2440 904
4333 3934 883
202 1477 187
957 2249 711
1144 2306 200
2158 3426 221
1865 2801 722
2471 3148 236
3170 2529 68
2890 4699 800
4721 882 240
626 1567 527
2861 1769 356
48 4079 958
3112 1575 616
1312 3734 42
1886 1951 195
3608 4423 695
3196 2593 224
264 483 276
3065 1556 158
4657 2182 77
184 43 199
3541 1444 278
1851 4556 853
2467 2220 939
2862 4106 891
1057 4066 314
105 2263 259
1681 2527 94
2957 1944 650
1467 1602 833
1545 1786 228
1096 1679 672
4726 3530 580
3579 998 153
3871 3860 259
4762 1269 326
1428 2726 941
687 4408 468
1781 2365 413
4431 185 367
4264 3082 153
1845 4178 185
4517 3904 67
4450 3835 417
1603 2706 277
4214 3820 899
892 248 625
4833 935 33
2654 2716 751
1067 2148 288
2434 2764 370
1939 4609 548
4476 479 804
544 1281 639
3961 2884 698
2591 3450 518
2490 4343 767
1467 4176 702
4853 1830 771
1956 4249 919
4244 3035 35
4614 1327 997
514 803 476
318 1347 109
3957 309 345
3007 4252 795
4526 3094 138
1293 4561 667
347 4414 497
2118 2722 99
2389 1966 134
425 1580 461
4422 3446 265
250 3764 964
2359 4074 625
3704 2081 877
3499 1607 971
3990 2900 885
3657 3248 651
1506 366 374
3605 2756 340
92 4533 273
1553 307 719
170 557 836
135 4268 910
1760 2972 991
3990 2823 599
4313 3165 851
4198 1822 451
4850 4681 170
3224 3286 278
4916 3378 163
4541 1284 470
2613 1454 27
4449 2941 647
359 4702 971
4702 44 794
4301 4357 312
4505 3556 134
4308 3406 167
4478 2982 454
108 4250 184
271 3792 468
741 1405 275
3120 854 216
4767 2565 270
738 2267 314
885 2921 24
4197 3778 580
683 3086 338
1851 3917 672
2657 4025 922
1841 4297 714
3662 1390 471
1937 4511 325
4505 630 242
1776 1369 862
442 3606 783
3466 2803 561
1398 4838 999
2736 1689 916
4760 4346 942
4683 2540 239
4749 2554 629
1221 4491 492
4898 348 123
1141 2124 844
1003 3919 450
138 3737 605
1699 136 795
4050 4224 485
3967 3985 183
2909 20 75
2500 4769 629
3481 990 472
3974 889 821
1449 2030 297
1645 4385 216
4095 4523 954
2052 2574 442
4847 1624 666
684 591 3
868 4852 23
4943 2352 793
1573 2186 783
4045 2512 672
3218 3961 54
4516 606 791
1084 1053 314
38 4457 240
480 656 217
1499 1341 160
1502 3561 13
1526 4856 717
1319 2781 255
3454 1827 767
1479 1397 80
1533 913 38
2325 1998 443
3991 3388 900
4584 221 557
1801 1720 250
961 4574 811
1326 2452 667
4044 123 449
299 3578 628
419 57 25
4499 2942 291
1890 1619 641
333 1963 29
4586 1547 602
3143 4700 674
4393 661 249
556 1988 53
223 2384 177
2672 4035 755
4652 4454 164
1678 3954 458
2321 844 430
4962 2529 393
991 2115 292
4946 1610 992
620 2355 5
2221 2911 345
1275 3135 729
452 2159 765
4559 3164 219
75 4842 525
3533 2163 721
4963 3477 603
4708 820 718
2352 766 329
4696 1387 684
2702 3608 596
4047 4883 83
4129 335 594
1894 1246 758
465 1321 952
4343 4855 467
416 1170 944
4019 2231 765
4738 4583 883
3419 4280 270
3103 3334 879
2051 2381 114
486 2862 802
2433 4756 48
2543 1574 370
2496 2269 577
2315 2685 747
612 1705 330
4729 2795 914
4612 1214 546
883 4317 880
2114 2721 613
4580 4559 476
2382 1992 584
2783 4536 510
4505 3384 779
1082 2051 465
181 2663 522
1512 2392 317
3778 3357 531
324 4240 200
1556 2706 921
169 2286 833
2997 1021 825
1934 156 713
3796 4661 97
1576 743 149
3393 924 164
1915 3788 557
4584 2566 914
2115 2890 506
1667 798 564
2589 2320 202
4422 317 575
4599 3603 731
4313 2400 392
3762 328 135
3911 3721 412
3076 1988 200
985 2924 767
2251 39 9
4109 1706 808
25 647 128
3227 1421 797
155 2373 753
886 1686 505
1279 448 833
3766 712 906
3530 3788 246
2083 1125 170
3202 4728 209
3563 3837 267
4723 3862 267
3203 3441 688
2001 3596 61
2106 4483 99
4611 2114 900
2444 2232 612
1702 2115 752
2948 4198 877
2118 3752 957
2679 2315 794
4946 2039 8
565 242 449
2606 3595 398
2019 701 233
3119 312 699
1019 4108 931
983 810 398
4735 110 948
964 2228 700
1921 4907 16
3067 1206 55
3075 1771 297
2876 4377 245
2626 1397 946
1859 868 611
4558 3239 719
842 4222 882
4240 3957 992
3189 1273 573
889 3194 480
2257 2613 38
664 688 810
2962 4916 539
207 2543 288
4505 4402 508
4116 313 747
4188 1155 969
1422 1747 278
3766 4936 903
3339 2178 449
2820 787 62
1210 1452 750
1372 4414 19
912 973 562
4552 1830 316
4061 2299 629
3160 1487 136
130 4261 884
3760 3027 172
16 1367 702
4465 539 490
1528 1749 942
630 3122 708
4649 386 33
2563 4938 863
1232 351 162
213 3512 1
350 4994 262
3586 106 290
1758 122 657
4813 4588 196
2303 1116 297
1245 3098 419
953 4100 157
4338 1663 96
3201 4247 799
716 4461 311
4717 1163 657
2980 1101 764
622 4211 886
4631 4024 474
4179 2679 942
476 3924 41
1248 1229 493
2405 567 156
4853 121 756
2653 837 569
316 1906 84
2974 4886 185
738 1860 748
4976 1491 125
2451 670 804
3745 2499 729
3138 3747 310
1631 1152 878
3140 2358 351
248 11 188
1817 1679 94
2253 4653 333
2438 1743 545
4538 1720 37
663 4171 59
4468 4268 558
3549 3759 657
3859 390 810
1089 4882 520
3440 130 531
2980 3299 210
4427 552 216
2112 4342 959
1657 3881 679
4046 896 202
2106 364 471
4016 265 582
4674 4125 972
2836 1566 207
3356 1359 689
239 691 989
3801 118 893
2017 2230 236
3329 240 469
8 4286 365
2211 2744 82
34 1761 699
1616 2787 176
4940 1975 743
4499 331 454
4189 1922 145
3530 723 264
3423 4093 846
4011 2422 86
3480 3782 725
198 2345 469
3632 2379 582
2331 347 721
1508 1640 696
3603 1139 379
2057 1680 301
2554 210 377
3170 4986 822
1017 3997 596
455 3830 378
532 380 724
3354 364 455
2936 2695 803
3010 555 795
3706 510 934
2438 2567 967
3091 122 177
820 3292 515
2642 661 865
3238 2469 47
3969 3001 427
693 1355 791
2500 644 838
3303 3654 746
3450 3712 256
3385 2502 176
2704 594 298
881 1414 942
1749 409 956
1614 3647 425
1661 3968 778
3440 4661 486
583 2162 130
1773 1817 136
3519 268 200
776 5 703
1952 2709 649
4602 4942 63
1896 3043 472
1204 4657 472
1629 2670 792
2760 2462 454
246 3045 968
4728 1171 137
4216 4690 757
2416 1818 114
4471 122 175
2120 1076 470
1184 2973 513
2008 4177 523
2832 2159 193
2625 1271 656
3431 1517 53
2751 2597 576
240 1813 267
4350 4229 437
3464 3701 912
2992 2173 988
2462 3357 313
4975 1718 491
3498 902 2
1044 4879 273
1052 4662 142
457 2413 739
1034 4006 904
2653 3356 133
2442 1820 186
2354 4812 360
3343 3626 69
3656 3602 139
4499 3452 42
2501 4496 273
3126 1900 936
268 2358 349
1359 4744 355
4263 2397 711
2749 4839 884
1287 2194 48
1999 1889 675
2421 545 277
4560 45 81
3954 3898 930
4580 3377 830
3516 3645 540
1217 1357 284
1573 1972 33
1636 4721 225
4872 1009 771
2921 4360 660
4596 1781 205
1225 2694 602
1306 3000 853
3588 2580 230
1419 1096 227
4311 2314 584
1948 239 557
1981 3227 630
4558 4452 991
4329 2373 352
989 3321 485
4547 898 179
4501 3556 532
3354 2145 112
1936 4916 561
4164 4227 875
4100 1175 466
1009 4509 45
2640 419 497
2983 4749 870
2687 2090 543
4173 2989 441
4704 2491 998
3236 2197 495
701 4134 411
4262 4650 990
1489 3750 518
307 4760 27
2352 3752 446
3850 3087 547
4072 775 638
3968 4948 627
3409 1004 470
2759 4241 668
4254 1294 154
665 556 804
2656 3397 906
2174 3704 18
2553 1056 770
3351 1258 210
3899 331 985
2889 4299 933
4868 4060 289
4339 1820 530
2359 2426 824
4513 3092 732
2669 2100 129
4575 4274 833
2594 3179 242
716 1530 500
1926 1781 183
3911 1022 834
2196 891 895
1486 1582 67
1368 3941 493
2545 4806 937
629 2475 37
759 3402 663
944 996 842
2186 3065 725
4687 1343 858
222 255 881
57 3803 772
304 1641 354
2371 4362 647
3216 3259 805
2154 3888 632
4543 999 34
1207 1944 383
2401 482 448
126 1521 143
985 1744 750
4218 1801 554
1990 2105 547
2696 828 909
3695 4044 168
4500 2550 409
4132 2094 408
2166 3301 704
3901 702 187
3701 2181 708
4845 4518 804
2595 3736 957
501 726 62
49 4774 242
310 3469 287
2479 4321 837
1240 3453 931
4648 1971 584
1353 2225 639
4892 926 820
4952 771 338
1757 3367 74
1714 3868 152
129 269 278
4371 580 747
4010 4411 420
4848 651 225
4131 299 196
1716 3004 421
1355 2896 700
4527 2849 471
865 958 190
2291 2672 411
4443 2801 32
2721 3525 612
820 2535 23
4592 3735 674
1817 2867 326
2365 935 330
139 3642 579
3839 3169 780
4662 386 738
3853 4029 410
4616 3472 564
648 2545 89
3613 4717 976
988 4309 712
2663 1126 931
2341 3491 866
23 3630 860
602 3821 381
382 3484 767
2472 3689 796
883 4657 620
4799 305 517
2240 270 586
2216 1259 895
2280 274 373
211 2615 216
4077 3990 199
4289 4593 20
2670 1327 856
2789 3800 545
1937 1035 202
4557 2186 860
2426 4426 130
12 2994 741
3259 275 15
2632 486 982
3201 916 973
3752 205 918
3124 4228 597
981 2017 749
2526 3955 136
81 4864 322
4293 2291 100
3775 2303 95
4517 1915 722
1884 4547 560
1867 4100 476
2192 2852 34
3462 977 262
1059 3310 279
161 2188 234
297 2269 99
2620 1562 742
2072 338 397
3167 1207 312
2241 3091 212
1802 1310 312
3630 3502 517
664 1964 846
3278 4376 156
1558 889 344
144 1186 966
3595 158 880
4337 2231 218
87 1750 425
1399 3992 517
3611 2146 827
1276 776 682
1793 2793 998
991 1071 726
3499 3981 615
3195 4126 802
161 4073 312
42 4763 543
1612 4850 646
3038 1249 990
3907 1213 136
1086 2489 264
3120 4282 57
2119 1625 481
1845 124 462
3813 3319 940
1967 4833 14
279 4875 129
2175 1487 979
821 877 580
1163 1136 793
2299 2223 634
1915 343 268
4325 3814 893
2806 2012 17
1620 825 689
4561 2792 522
2927 3071 397
1056 246 236
387 2419 466
2319 3582 602
465 2233 177
1099 4149 873
2368 4826 687
261 3984 699
4631 604 524
2320 165 316
1194 4444 740
4943 500 338
179 2239 758
3997 4559 692
2600 24 926
1129 1123 427
2 4843 253
2690 105 237
3741 1088 193
618 4760 359
286 954 803
3026 897 656
3717 2428 247
475 1426 806
3519 378 182
2445 1507 658
3224 2862 501
3829 552 606
3418 645 694
3612 1263 454
323 1550 760
1478 928 657
3134 4645 86
3382 120 864
4540 3640 242
723 2437 101
4381 662 963
2882 843 867
2841 4262 513
3887 2874 776
4694 3197 678
1454 4675 607
464 4162 252
550 3896 725
4766 4788 717
4360 1863 154
461 1244 168
4425 479 12
292 4672 626
3157 3559 500
2286 4605 49
2964 1060 76
4571 2876 590
824 3426 486
3549 4544 275
1266 3904 138
2772 4365 735
1293 142 566
657 1787 238
4283 4944 149
2135 2230 755
3184 1547 167
260 1118 43
2851 3294 821
689 1843 717
3316 4461 621
2807 3586 338
4894 4879 481
2460 536 620
1050 1171 564
4551 3306 147
1306 2842 694
1825 4454 164
220 3657 459
3393 4347 302
1110 4015 116
4083 1822 702
1422 3068 581
255 528 469
875 2930 640
2791 2482 298
1938 140 140
3984 3318 946
2149 3538 604
3608 3284 303
3262 746 318
2378 4830 493
80 2604 561
4013 2859 442
4834 3734 372
1826 1525 206
2124 4816 347
1616 3800 665
563 2301 555
3167 909 839
1470 4172 586
140 1550 768
633 2983 372
547 3348 583
2341 3183 317
713 9 194
2920 3486 362
1619 102 515
2284 2017 816
2839 184 78
3031 3006 250
2617 4499 152
4737 132 487
3109 2031 836
692 4372 19
3361 1438 28
3907 710 514
4270 2329 969
1137 4613 986
305 3804 523
383 1835 881
985 804 380
3138 541 513
977 2 896
813 2046 269
184 407 707
4565 667 417
1079 1289 98
400 2426 711
1739 2731 867
3262 3115 703
4143 4100 859
4524 3590 753
1389 920 755
1637 1733 154
4906 1918 561
965 1483 580
2734 3914 869
1832 667 295
1895 2406 379
763 2020 846
2818 1163 298
2029 2039 241
1782 4780 161
2890 1418 894
1044 2676 164
957 4994 999
1538 2728 266
4759 4561 933
407 2808 339
3786 4923 359
1632 4093 874
1282 1123 266
4523 4257 46
3684 2147 816
931 4543 493
95 501 487
2095 3391 567
4361 3150 480
3646 3557 289
337 3695 564
2696 1679 658
3922 2962 781
2188 2485 38
1587 1170 538
3755 2101 81
3600 3548 934
3439 1995 325
1007 2708 476
4487 1354 385
2128 1691 81
4693 739 112
2703 1014 74
484 4554 912
3874 1141 434
764 1249 887
2198 4849 435
4132 3289 431
4458 648 139
4286 135 846
4023 3616 537
1104 4661 629
1217 2364 643
643 4200 197
2555 4426 691
1989 1543 940
4876 3741 789
2664 2873 430
1095 3683 78
3586 2969 566
2432 1993 182
4322 4449 195
1951 2018 911
594 2662 111
143 1569 889
834 3559 432
2774 4787 173
916 2451 399
2346 4898 82
4425 3485 404
2991 2269 749
1525 2943 198
1072 1246 569
2983 3192 583
4094 3336 152
2335 4170 63
768 3297 851
2941 4213 654
692 2911 553
775 3688 390
179 3031 11
2928 908 955
1478 1980 201
2047 4963 394
2982 409 82
4135 2745 604
198 3513 901
2401 2806 466
2056 3499 378
1609 626 66
2351 805 450
362 85 358
1317 1563 339
4871 4963 302
1617 2945 712
3051 3432 809
3655 3631 674
2557 2384 480
3375 792 331
753 2401 957
3172 4752 114
3622 1467 199
4980 4136 115
4671 4007 78
2974 1976 375
3038 27 808
2199 3683 791
4873 2592 527
1705 967 320
3389 3073 73
698 2597 826
3813 2571 645
3364 2551 781
4479 3575 141
1909 2901 117
3637 939 497
3797 4490 532
2588 4363 124
115 1068 443
3435 809 516
1861 1508 113
3687 321 684
4684 37 588
3465 869 515
2606 4130 416
76 2767 355
2573 1564 197
105 504 560
229 1972 980
4024 1759 790
4541 3620 650
4006 3659 323
1043 3343 360
1983 3161 229
1498 767 712
3914 843 479
3621 4768 396
2818 4873 252
2730 1454 224
62 479 336
1852 1372 956
2854 1730 968
4177 4125 311
538 1108 824
4119 3958 592
1831 4224 787
3663 2845 556
3411 2015 781
3663 1097 236
2240 1160 67
2576 4364 439
2884 2219 521
3204 1396 647
1868 1934 755
3692 2406 66
1284 4237 290
2424 4252 488
3332 2663 503
4113 2679 953
1349 4919 113
1768 3847 477
2207 3083 696
729 1288 93
4728 3156 379
3483 1848 785
3901 4485 23
2192 3261 275
1032 1593 291
1887 706 970
3840 3408 241
1953 176 440
4431 3736 875
4127 817 163
1572 545 671
952 380 872
2737 4282 709
112 2826 970
1740 3858 563
1031 745 269
4353 4586 677
2594 1539 854
2386 2322 590
261 2802 407
777 4374 952
4448 326 332
1320 3064 966
4029 3176 792
1351 4916 650
3914 2299 396
2184 1652 334
213 598 873
2067 2984 548
4009 3246 350
1768 4023 724
72 4823 51
3757 2496 467
1723 2877 995
2516 4229 264
3518 3143 563
3914 327 216
1600 541 814
4474 3960 151
1022 4322 397
1724 1090 772
448 1163 595
851 1272 91
4318 2995 321
3666 1863 550
2930 382 693
4493 648 373
4061 2249 266
4228 3075 226
2379 449 548
128 2173 991
3252 2621 506
4847 4825 778
291 495 773
3612 4161 989
2514 2091 371
3207 1585 371
1932 646 620
1198 1226 47
777 3605 496
4677 85 21
4668 3337 995
2174 4537 820
2304 1180 315
4078 1144 477
4067 3658 920
790 1865 505
4513 3798 504
4134 1348 730
4533 2125 688
382 1803 773
3403 1471 463
1750 4998 0
4922 2302 532
2238 2732 676
67 3151 334
4987 3941 551
2845 3455 701
2701 3941 50
2431 4826 175
3471 208 330
4597 4964 802
4060 3066 152
4412 2989 454
944 1579 539
4972 1646 690
1306 2985 984
2209 2182 791
3263 4883 84
4313 3667 910
3840 2138 471
171 3087 787
4325 2147 853
3477 2911 842
1283 207 421
1822 179 419
513 2837 757
4497 1399 939
4640 4662 823
3724 327 490
2634 4167 980
3105 690 68
4892 15 567
4746 4844 831
3940 2480 38
3362 4302 570
2133 1167 759
3890 2016 158
2830 1656 172
3005 380 499
495 3015 667
2827 2472 709
1895 3717 725
815 4815 921
2646 3755 401
1036 3469 56
4606 603 223
2366 4493 240
2876 3675 896
3049 1680 277
3548 3527 644
4567 1355 468
1277 4602 185
4354 1769 0
3627 4415 108
4029 1804 577
85 1410 532
3660 128 378
2900 4357 53
149 2406 86
2778 2306 965
3422 1874 320
2890 4503 275
2428 209 44
428 3836 812
4888 4217 616
1466 654 378
1350 4315 859
728 3567 216
134 3716 974
2572 1494 280
3537 1268 506
2210 4159 361
485 2939 570
1881 3367 407
4045 4608 976
3013 2426 631
3392 3776 946
251 857 513
2819 991 582
2793 4915 76
73 3452 345
1932 662 856
3293 2499 795
4864 733 514
1623 1130 122
2599 4144 900
582 3888 677
1528 491 534
2394 3310 877
1976 1103 144
4404 2528 596
3101 812 611
957 4106 462
3104 322 547
4971 1945 678
93 896 822
3994 1479 62
3023 4359 553
2909 3105 215
138 1433 318
2282 838 198
4230 291 11
1841 1249 469
4656 705 791
3203 676 88
2881 2122 336
3055 2468 167
2117 491 527
3022 4752 984
2237 4890 418
3907 2172 608
3106 1402 899
4469 4596 500
4938 4252 206
729 2455 234
1169 337 356
2505 4744 824
1673 3214 667
1552 1236 419
888 3474 309
1658 3733 833
3266 1839 236
1518 2660 184
2370 2598 436
3928 4679 891
1163 848 580
519 4706 677
3696 1379 891
2363 4283 479
783 171 305
4092 1830 39
926 96 230
514 2966 891
4698 1689 841
4486 617 521
1729 1780 721
662 3652 427
4339 2348 806
2582 1063 89
2061 1846 613
1367 2291 443
758 4569 891
1988 1435 858
879 2485 547
3721 1971 516
2594 3700 297
2315 4362 301
1743 3701 1
3901 2635 64
343 4697 263
1956 2416 554
399 3174 475
39 45 129
290 162 910
4500 2394 395
399 1115 718
1916 61 418
1565 2376 133
4866 471 186
3219 4373 822
1283 4716 519
2546 3024 935
2452 3423 109
1927 65 271
4189 4566 665
3936 4965 132
654 3233 193
1073 4798 922
2206 1016 393
4744 4235 766
3566 519 834
2085 4417 858
3020 3222 633
3481 1501 699
4105 691 265
2122 4627 582
1255 1634 816
1800 2707 966
1074 1265 983
4468 1009 218
3586 4576 737
2421 3013 507
631 2386 729
2265 2219 230
3964 1324 273
1581 3447 253
515 1054 887
1331 4206 946
3298 281 563
1281 4749 924
4851 4687 852
3941 2108 866
2448 4092 604
529 2709 823
111 1673 148
1737 4606 947
2990 121 1
2229 2805 559
4175 2455 840
90 88 941
2014 4939 629
1219 3880 89
2085 2680 181
3041 4561 890
4864 4673 915
4364 1410 873
2311 752 995
2664 2981 152
3576 3508 607
3416 3598 47
710 1964 986
1339 3183 219
1780 1620 251
4962 4661 813
2204 878 838
2472 242 600
2345 3906 352
3692 2922 685
4196 1498 193
803 4915 143
202 1977 107
4541 3316 643
2760 96 263
1363 1410 277
3176 4967 155
2366 3791 749
2966 1136 7
4318 1181 930
3 377 428
548 2533 695
4691 2735 672
2151 2276 340
4146 1388 789
2761 4104 551
1038 3632 870
1545 999 661
3647 3965 150
4654 3284 331
4936 4639 708
365 188 593
3412 1231 329
3437 4734 957
3129 3880 698
2918 1642 802
1822 4032 434
692 1930 785
4706 577 751
4856 1583 35
1187 1520 674
4247 3237 214
4841 1649 798
4522 86 532
2831 4568 413
2529 3838 407
2683 660 791
1470 2705 721
1255 2411 650
6 2267 234
3393 4806 754
1420 4053 991
986 246 992
1784 1120 431
2317 3952 999
3082 2833 837
1841 1869 850
4632 3339 555
4354 946 318
1004 2305 585
590 698 743
344 3470 148
4687 4457 395
680 1241 515
4463 3558 819
1462 2992 653
3651 4833 522
1501 4466 213
2056 172 159
1374 2528 816
4311 3119 867
2054 4815 337
1555 4503 146
4950 1535 388
817 2350 298
637 3812 643
4642 3815 476
4164 317 294
3377 3725 466
4888 1452 995
3705 2115 466
4572 522 281
261 2077 136
408 3379 671
3148 4196 21
4446 1185 185
89 2179 353
1918 1343 670
3212 1072 747
1031 961 199
1378 1018 315
4844 1942 837
3125 2203 266
2262 3963 645
4285 2111 193
3659 2910 731
3196 2999 910
1549 1269 254
1571 4482 678
319 513 991
1870 1891 9
4185 3087 951
3374 1212 507
992 4826 470
637 464 582
2183 4123 492
4914 2319 843
4824 221 113
2430 1792 947
2461 2111 812
3452 3982 55
462 4519 142
765 4246 706
3272 238 885
4743 2228 349
4677 4411 472
1169 4325 143
2012 501 364
477 4284 509
3424 1745 620
3236 1549 954
1291 2011 474
2433 4129 72
2492 2401 662
2377 3496 890
2726 3173 301
3550 4342 978
3045 2707 832
2762 3184 468
4271 2961 565
2891 1197 114
3198 3841 126
3024 2626 607
2096 118 8
2758 2495 857
2001 1573 30
654 123 725
4985 4521 784
4817 2283 320
1637 1554 281
202 797 479
316 3995 672
3794 3371 298
1401 467 417
2762 4578 264
2619 2931 838
2001 3585 313
726 3570 834
3510 4739 117
831 2728 23
2464 2930 821
295 4599 168
1967 3393 540
1266 1147 359
2035 3909 289
299 2880 220
1489 4881 158
4155 1960 80
4989 1822 820
4459 4005 900
482 1470 831
3655 1765 430
2176 3733 175
2716 4999 322
1427 3386 583
4717 37 815
2289 1527 697
3447 2034 9
4528 2023 831
1700 2834 837
1600 4669 307
783 4676 72
4565 1852 805
1741 920 156
1415 2348 894
1351 3417 932
4166 706 811
3215 4154 845
4224 34 220
2056 1734 55
3893 4686 76
3552 470 752
3624 35 957
3782 3128 877
290 4544 577
185 2247 994
1469 1413 701
4280 4629 207
4125 205 241
2345 2261 327
4752 2506 365
3180 1058 835
1285 1035 223
1242 1169 351
3471 1459 247
3049 2996 494
2395 4465 260
2448 3745 241
1655 4222 446
2248 2920 60
927 2672 918
4293 2205 977
3128 3490 364
4703 4732 533
4407 3203 992
3654 2604 341
1501 0 806
2113 2448 904
2354 456 478
4152 2704 398
4564 3632 423
2483 4277 628
2812 2405 118
4176 3461 202
1709 2868 405
2053 2874 362
394 727 362
4553 2840 162
3809 1546 618
2287 2051 675
38 1615 659
461 4098 936
4441 1910 693
1911 2438 154
4113 4147 374
870 1201 249
232 2947 976
946 2500 169
4109 1309 715
4079 4949 766
1754 4987 382
4413 1800 832
2701 1241 95
3395 3152 533
3901 2265 33
2276 4487 234
3525 4720 533
1853 2018 34
3022 1127 695
738 207 644
1856 3313 631
3238 2727 431
1423 1780 24
1518 175 528
403 4077 145
3436 2705 633
2670 2582 705
1204 4435 723
3590 3810 851
2285 4548 410
930 2756 723
913 995 802
2697 3770 583
721 288 110
3250 691 539
4395 4128 244
1380 3150 826
3085 706 262
1809 4296 72
3012 2934 972
4422 216 728
497 1129 75
4300 178 845
1235 900 485
3345 502 177
885 1249 657
1129 3982 159
308 2067 866
3922 3876 514
1346 1888 800
4670 2662 16
4398 3160 498
2826 3812 676
23 47 928
2509 4744 782
2038 1981 32
695 3111 14
3854 4771 433
4072 3693 310
3587 39 550
2387 4709 565
2756 459 77
4254 3285 889
930 4661 288
4859 2170 32
641 4208 14
4025 1255 477
1391 109 248
825 534 293
487 473 332
3389 2860 393
3954 1968 204
4031 1222 842
4272 2153 503
4560 3364 673
945 357 233
2959 735 488
788 2126 949
3388 4303 483
4681 1142 956
2365 4532 169
1110 4838 137
314 222 712
4156 4494 217
2659 407 933
4684 1352 290
917 663 377
4757 1451 856
59 4839 159
4542 872 654
851 3237 186
1372 4347 376
3861 1013 598
2573 170 445
1142 4181 852
3075 3866 204
1718 1135 867
1095 2245 318
3951 2304 509
2463 3198 381
3469 4049 970
2655 1773 317
4383 1987 682
4982 4560 852
1427 2055 386
3279 130 604
2835 1848 91
1702 4296 336
3372 4599 640
4881 2062 839
2262 531 240
584 4538 14
3253 3922 1
1935 256 913
2140 3035 320
1526 2666 451
1130 501 299
3221 2203 947
2558 575 547
550 1808 961
389 422 493
630 1006 383
3996 4259 657
4349 1194 265
614 3334 300
3935 1212 966
3738 2342 819
4037 1916 22
1337 826 949
1884 1376 109
845 3118 531
1690 100 889
2074 4096 148
4083 4797 695
1349 1763 381
3001 698 594
2320 4436 936
2139 4826 204
514 1163 30
815 4399 759
2925 244 877
456 1935 977
1698 361 425
846 4444 574
3893 2145 337
275 147 388
2869 2467 176
4157 958 2
2362 1472 517
2744 2288 916
4503 213 513
732 2021 800
2061 3719 161
2486 918 957
4060 4811 455
3750 1438 602
4138 4307 421
314 4817 731
2669 2179 204
1186 1275 492
455 2131 57
1320 2863 78
4120 4925 150
2281 3763 420
2590 4176 583
45 2926 22
3999 2064 329
1772 2378 146
504 47 677
2060 2586 305
4552 4393 436
4961 713 651
2391 1185 928
3541 4818 44
3313 2408 220
2897 3806 146
3919 4157 562
600 930 292
747 2786 692
776 4846 278
2081 4398 23
517 711 88
4521 3102 273
4801 1644 91
3845 1309 851
2065 4206 657
4563 3125 815
4125 3726 97
2418 825 883
2110 1601 729
740 3683 479
115 552 190
203 1425 292
1476 1227 288
3919 72 598
122 3490 156
132 3053 282
4299 3531 360
4396 2301 185
3631 4411 138
2712 1503 173
1191 1618 78
1733 3173 503
377 1001 82
2018 4920 155
4968 1394 997
2124 1526 50
2406 825 933
4118 221 234
303 204 997
794 2916 500
4967 4107 470
1045 2192 643
4901 2570 644
4983 940 916
1490 908 311
1487 3032 837
890 1791 15
3823 909 588
4058 2565 793
55 3359 709
3908 3326 169
4378 724 361
4374 625 283
4018 608 223
1287 2099 131
3598 4938 164
3787 828 955
4802 4652 216
2391 62 781
184 117 492
2245 4025 171
3414 4756 895
1776 4130 872
411 4500 480
3635 787 931
4118 737 870
1282 877 50
1589 2031 54
2806 4422 116
2939 958 586
1432 4556 963
955 2970 719
4850 1098 201
722 1510 702
3554 145 841
4838 615 579
1060 1898 456
3110 4839 487
1165 3997 262
633 1937 572
1571 4721 128
1535 2028 451
2606 1878 549
4160 3952 59
3862 3858 556
2055 3696 172
4634 4756 422
4442 4219 613
1282 1736 611
3896 2369 900
2468 293 973
1949 1828 1
4400 786 231
4301 4946 183
713 160 41
3621 2216 90
793 3202 198
2567 3997 417
4181 279 153
1144 4175 875
44 2995 168
17 1296 348
3370 2048 134
3601 1350 433
2784 2063 945
2177 684 513
1619 2830 716
818 1749 713
4235 2282 344
741 3426 871
4616 3470 218
136 4839 515
2484 3209 915
1970 3162 265
1403 946 680
2349 4476 717
1862 2447 899
930 3265 0
3995 3853 283
3691 4594 709
2562 4210 532
781 4346 723
1648 3182 285
4563 152 447
181 1556 746
4213 257 222
3930 3471 21
4181 4402 287
1182 4749 492
465 3441 86
4526 2355 648
2058 3136 346
2134 1136 528
419 2052 680
1866 2233 588
612 2798 197
186 1729 669
2208 2262 423
3847 3444 172
4339 261 613
4425 1140 969
1425 4550 457
2771 1684 946
3651 2103 998
4683 322 583
2272 934 381
2821 1121 462
490 4681 77
265 3528 873
3438 2867 135
1403 3644 627
1724 69 177
1534 2840 862
3832 2843 317
3182 2526 639
4765 1150 574
498 3972 47
2961 814 728
4038 1080 256
4911 870 475
2398 3625 119
1025 1702 188
555 3236 380
1769 3420 223
86 1602 749
78 1367 900
1004 3217 224
3051 1178 38
1131 1568 118
2739 2832 340
2214 1582 966
333 3960 668
4873 4515 256
2253 1284 676
3828 2722 630
1577 2800 349
1829 3804 566
1053 3207 97
1092 4338 665
3562 3429 849
3255 643 784
221 2328 744
241 2201 259
4849 806 895
2877 4634 617
2507 2564 418
4856 745 574
422 3151 782
3519 595 472
4537 4157 902
4738 3764 545
1522 3985 226
2266 578 427
3877 427 586
1772 3304 572
2390 2163 488
808 2019 234
734 2442 385
2516 2313 980
1341 3202 489
2243 2941 254
140 4463 591
366 3082 522
4146 1959 949
84 3732 606
656 1122 769
1497 3282 789
1731 4016 583
1468 2885 248
1800 4226 451
2641 2821 392
2247 2961 207
839 4680 289
1361 178 249
3662 262 333
4268 2270 807
3390 3767 89
4531 1850 457
3114 4670 342
362 1470 920
2165 464 741
557 2711 55
4765 4902 735
3406 2615 265
4007 1278 879
3340 1898 149
147 1640 269
1588 1171 471
2046 637 142
1740 1000 964
661 4517 428
3754 75 140
4809 1192 394
1896 950 10
4161 4958 640
3040 3298 890
542 4798 531
1811 1386 702
1282 4784 340
1776 1525 692
3741 3538 209
1169 2292 636
2661 2102 180
4056 350 131
3066 4512 89
4706 3904 739
948 4446 889
2479 2609 628
1534 244 412
1226 2020 289
1918 761 179
3479 3283 472
1468 944 926
648 1352 276
2131 4418 140
3572 476 45
4664 1425 843
553 256 453
4181 1790 697
3946 3016 69
235 1286 183
2767 1118 466
2591 2586 762
869 4586 467
4497 3070 237
2638 1642 714
1035 1306 491
3878 1860 747
683 2393 890
1380 1339 906
1802 2927 545
2985 694 663
3803 3285 249
1917 506 187
1384 3 257
1622 2641 900
3688 3676 558
3531 3907 770
3630 4590 164
520 2323 855
1779 4125 782
4324 3462 828
4339 3617 465
1940 1886 971
4127 4623 975
737 2597 968
3989 1285 997
3547 1168 904
1318 4798 494
2834 1671 169
689 4802 646
1472 478 460
652 4817 77
3118 1757 964
2441 884 939
416 2973 536
2385 1962 173
734 510 341
1638 3180 491
3484 1014 514
4006 1703 668
3652 4527 146
3113 180 963
1190 4650 72
2506 2091 309
4797 3860 282
3333 2597 245
4506 3331 755
3199 1321 935
3043 4805 949
4557 163 4
2226 3816 532
1724 1929 64
1040 4471 66
2112 3330 157
421 3127 369
1704 2813 966
4949 2319 649
56 1871 970
3343 4914 128
2644 823 291
3648 4401 459
532 1126 388
2596 2166 212
2014 630 894
2172 1052 373
3893 4108 186
3212 409 858
861 465 729
1184 3808 995
2664 2804 170
2955 1452 572
3415 1985 50
2155 933 568
1719 2948 198
4613 1472 602
3339 365 710
3525 3577 471
3735 791 936
816 1975 96
2811 4639 900
1982 3946 705
1906 3713 42
2956 2221 975
2524 3940 275
4074 4906 747
1677 3245 465
4739 3122 394
3211 1858 185
3499 2674 160
3948 1838 151
2200 172 98
1905 2078 811
4947 1386 32
275 262 325
3550 4336 583
4650 2365 180
1115 2105 302
2509 1668 512
1047 1519 187
207 467 377
1711 4020 549
809 2277 627
4972 3577 365
1357 3852 627
1682 3754 315
4617 3404 681
797 871 138
99 4733 806
2612 780 325
4151 2339 145
2528 4050 165
2429 4859 794
4408 1184 371
2773 2541 223
1400 575 330
715 192 86
3748 989 310
3886 2440 43
2044 1404 175
370 555 514
1867 4435 565
2384 1864 776
178 1272 312
2902 397 853
3125 1797 780
4807 3865 972
4894 2613 313
3556 2852 754
599 4896 158
4774 1618 66
2640 3485 501
4557 2221 718
2686 3752 990
1998 1654 388
204 1131 537
3984 939 754
4309 2185 720
622 741 572
728 2692 468
887 3818 87
4305 1458 924
806 2368 146
1876 54 898
4219 3404 904
1959 3608 35
2848 2593 326
2603 3254 511
1323 3876 604
2895 4605 296
715 1844 114
3802 1149 925
1727 3307 293
3225 184 699
2123 755 103
4027 2714 64
3414 562 9
3741 4517 263
1252 840 139
2209 87 96
4505 803 940
1972 4605 89
897 2684 749
3542 909 285
1241 4384 40
3696 4763 754
4760 3178 668
4769 1919 186
3032 4523 26
1524 1732 466
4620 1238 269
913 4562 226
2002 459 911
4103 353 820
1388 2946 205
4428 1642 968
182 2755 498
2851 3876 417
37 1909 293
4415 4785 25
3881 757 615
502 1670 529
1729 3673 340
1992 4128 693
3164 517 639
2369 4945 634
2690 1480 389
2540 683 617
4310 2072 878
603 1487 663
4980 1721 421
1948 2223 91
3477 304 116
1818 2296 245
511 1813 762
3503 4182 59
4489 3224 539
3230 765 222
847 1427 294
1726 2030 134
2389 2010 855
162 310 430
4606 3788 87
2722 606 735
1319 2469 548
433 2324 83
4493 1813 307
32 43 424
1255 891 851
901 3969 233
2035 1358 596
1242 2873 906
2673 2479 694
760 1553 652
2495 2873 474
1044 4658 798
127 4151 964
3786 4184 7
4563 1791 250
1766 4044 219
1000 1080 930
3596 2322 803
2854 4995 634
4549 2107 539
4553 955 764
3379 3351 423
3178 4830 574
1142 3616 110
501 4531 901
752 2650 946
4971 3650 378
3253 3598 700
3056 2804 48
3042 3705 507
4582 3259 462
346 1638 813
769 1168 995
1696 3662 612
1806 4164 495
60 1268 145
2358 2591 147
736 845 97
2788 253 902
4836 3296 607
1696 4230 218
3158 928 209
4324 3050 729
319 4746 392
1283 2904 908
3131 2964 176
1276 322 119
776 1058 964
225 3847 570
2479 35 218
3439 1731 448
2657 1242 728
1218 566 778
948 2237 876
692 4873 781
952 3004 745
2480 632 68
1599 1408 478
2916 2986 677
4486 465 713
704 3904 796
2504 2914 390
232 4132 956
1011 1432 546
4239 2124 419
4020 4428 775
1766 1908 407
1186 3508 168
1664 1424 154
3694 2262 619
759 2966 524
4555 470 790
946 702 922
4254 3065 355
1152 2305 831
2923 1325 612
2698 4443 520
3106 629 28
2626 3646 804
3780 2340 66
1751 3099 32
3627 4006 854
3417 1304 909
2340 1911 974
4047 3063 631
4230 2339 309
3842 37 752
1715 4495 734
1743 2121 380
900 901 72
2318 2653 523
1703 2632 529
1557 1050 186
3466 4742 97
4793 3789 512
3424 4371 851
1085 4566 889
1838 1281 384
4572 4376 506
2304 276 759
2376 2595 764
1899 4298 397
1780 2207 447
2966 674 541
2415 1819 330
4928 1595 53
4779 2681 971
1020 4519 252
1757 443 629
4615 2747 257
4726 1475 204
2491 3374 502
4240 154 62
2039 3121 736
4580 1888 907
2262 1816 502
4315 2948 183
2287 320 54
2891 2077 497
2872 3044 596
3130 2771 71
2334 1614 445
2189 854 952
4251 2893 425
3339 3825 313
4246 1087 130
3100 1754 430
3284 393 750
690 3285 180
2188 1157 224
2784 639 347
1208 2974 961
1653 1515 167
4957 766 60
1382 457 237
4696 1055 324
1178 4155 431
608 3791 176
1710 4482 461
4890 3022 971
2467 2158 962
2814 3366 936
4776 1372 803
3943 1329 921
2356 2712 378
4593 3760 433
4270 4938 941
2053 1898 732
229 3608 566
3043 3499 588
3366 966 99
4328 132 465
4617 4908 837
1420 204 167
342 3912 231
1072 4857 991
2858 4127 929
3799 2532 827
4883 2762 787
1802 2157 286
390 523 604
2489 4851 737
4307 820 997
1144 2241 201
663 3935 113
2894 7 971
3885 4217 450
1166 4368 983
345 4252 97
3133 1054 254
771 2796 129
4376 1638 980
4465 2297 801
4462 3441 394
4664 457 329
129 3351 688
452 3589 258
4903 1107 626
3238 1453 230
687 938 636
293 1709 785
422 1085 423
402 550 720
2555 1365 513
3301 1029 322
2982 2510 26
2671 2963 615
4281 4218 74
3907 3808 879
490 4495 817
3126 1140 527
4911 1562 612
4686 3316 515
1758 872 880
3624 4173 261
946 2156 123
2972 1179 86
4939 460 656
3014 719 816
3893 1209 663
711 4336 803
590 599 365
202 286 682
3069 3396 906
949 2020 431
2562 2967 939
1686 2291 118
124 2231 930
4133 1597 2
1949 1842 211
1965 3905 899
1768 4495 851
4486 1050 489
520 471 885
2426 1421 906
1209 335 225
2149 2021 516
4267 3498 99
4550 2631 48
552 932 891
4115 2897 148
3367 4666 996
4570 504 46
1059 1024 517
944 4802 290
4202 1011 978
427 3160 999
296 3780 849
2395 3330 480
2444 234 413
687 701 310
4187 420 328
2183 4990 184
2581 1049 208
3451 3346 362
2093 2548 374
1071 2976 886
3423 3272 666
4272 2019 348
4105 815 934
4870 1502 988
3532 2042 408
3213 4225 399
3397 3159 800
958 2962 146
3320 1407 695
3046 2479 23
933 2254 647
3951 2878 666
1652 3335 482
938 3205 336
926 1738 378
1335 4951 956
3086 3348 467
2238 4306 429
4737 3979 836
3432 2025 667
2807 4310 273
454 3262 152
1472 1266 487
1954 2204 45
291 3131 783
2021 818 86
2977 256 434
3444 2494 93
3225 2231 72
3062 2015 449
3081 1174 760
355 2980 374
1859 4453 992
1698 1407 196
4743 3050 679
4526 72 849
612 4401 105
1399 4198 952
2844 2423 535
3268 1837 903
717 1271 77
3829 1626 58
1555 3485 863
547 183 270
1744 1279 673
3775 805 97
1625 2770 850
1082 521 48
3034 3365 824
4922 2985 661
3825 54 932
254 3884 910
4664 1791 747
3527 2339 931
150 435 562
1175 562 367
3624 2187 489
474 3270 362
1523 2656 79
1347 3930 64
4360 4107 119
3645 4362 355
4555 378 146
303 258 837
2586 1760 272
1148 4287 835
1867 2911 374
1709 3385 996
2071 4908 5
2151 2607 935
1567 1968 43
4686 1965 757
4393 1520 487
4540 3175 97
3377 2113 857
4002 4613 144
189 2833 55
3563 894 793
2912 2965 701
4917 1468 309
852 3036 629
2247 4074 594
4356 3468 466
1844 4360 994
2293 4089 459
3151 3091 425
4647 4632 258
4055 3196 152
1848 2460 469
901 2377 290
2562 4581 678
1191 3181 752
3137 2537 572
2956 733 932
2302 3027 22
3761 2530 465
1186 3529 98
2796 2584 646
300 4432 106
2122 1686 835
412 4248 416
3090 440 949
1194 4929 487
4119 4237 572
51 1539 951
1425 1653 481
2243 4191 363
1341 1988 947
1339 3640 732
3797 762 418
3632 2526 666
4400 1968 458
3350 4515 740
4837 3634 977
4761 3685 517
2713 1463 522
4546 3706 713
4909 1399 53
4209 2738 694
4293 2887 808
4711 1519 335
729 919 655
2188 4269 170
4928 458 804
3257 1572 842
3126 637 657
4648 183 363
362 1445 114
4415 2006 204
3461 1299 91
3270 2362 962
1957 3091 881
2612 1631 503
4135 2911 313
4291 1169 885
3133 647 522
1142 296 58
2857 658 855
971 1425 213
4527 4887 512
4618 4509 874
2580 2818 317
2814 1782 301
3669 917 212
4982 209 733
4220 4694 381
2742 2189 677
4152 46 687
2007 2370 464
3220 1897 703
2084 2868 212
3310 1800 30
3980 4614 813
1281 3283 82
2845 4618 643
579 3838 338
312 2932 527
341 2085 925
1028 444 295
844 17 193
548 2101 61
4760 1764 861
3143 744 828
1956 2025 463
4390 4870 81
2034 1801 271
4372 2113 204
251 2454 641
1176 4834 437
824 2031 454
1017 2579 908
4078 3691 24
291 1834 768
1119 142 145
1583 4533 367
3016 1567 169
3288 2291 634
2844 3894 441
837 1422 627
4274 2246 658
4081 3263 589
989 3693 281
1013 337 115
3133 1456 610
2278 4391 143
3997 3760 62
2518 2048 353
3153 1244 599
3946 2081 21
4573 2707 268
3584 1788 883
173 4129 929
454 1494 266
3922 4627 74
2532 3257 466
2027 3607 226
3089 1125 626
2794 630 222
1393 4576 655
2766 502 362
1386 4086 503
3270 611 632
1551 1066 127
3817 1340 106
3891 3872 716
4709 899 323
2935 3988 448
913 3134 79
135 4527 7
2790 2293 509
3153 32 595
3008 3302 207
640 1205 625
1119 22 965
2578 265 189
2294 4975 88
1969 2910 428
2769 3824 914
2848 311 441
3856 3102 86
1717 2607 118
2313 615 772
4872 2607 977
3497 3727 351
4814 2657 617
3 4951 592
2443 3272 854
223 1041 30
1137 3890 694
2930 4098 796
2016 815 403
2487 4480 370
2611 704 977
3941 553 704
292 367 361
3261 1722 664
1205 4165 936
3412 740 978
794 1877 220
3488 1159 670
4284 4528 837
4039 2015 318
4409 978 22
2387 4919 576
443 1564 295
1157 1177 18
3173 2383 535
3462 2147 276
4792 2941 505
12 2782 665
2034 2066 193
4871 2458 560
3541 3219 538
1564 1958 810
1492 3754 726
3139 4911 903
157 4436 638
4045 2898 785
3673 2690 79
1530 4054 861
4195 1088 279
2740 960 737
4652 4501 309
2543 2417 267
1705 261 21
2431 3401 284
686 4910 721
1325 3955 971
462 2628 662
2541 4159 716
3754 4706 157
2034 3799 469
4123 3451 970
4432 2346 740
3052 4051 353
425 1482 754
2710 2169 17
783 4846 972
1754 308 953
416 4202 464
4485 2956 522
4642 1342 321
2111 466 125
433 1250 471
2525 4302 875
4879 4728 357
1985 3790 878
4002 4573 724
1327 1327 33
1280 3096 587
3096 3933 543
4618 3575 238
1292 2038 704
2769 3823 306
1592 1349 961
4467 2580 41
177 917 831
3055 4920 756
780 2599 435
165 231 531
104 3327 816
1647 4297 743
2237 589 781
1941 4710 605
600 1303 306
3561 2122 238
2602 2299 155
1785 355 427
541 2487 26
1976 4004 257
2860 4108 584
2676 2107 882
2420 4345 823
553 2638 886
2510 3238 541
816 3151 663
4406 2105 963
2562 3890 670
1989 783 157
4016 2760 161
1273 1972 621
3210 1000 728
4444 4772 73
2619 326 712
505 4188 302
1046 1357 454
3710 763 559
25 3325 802
1695 315 585
2204 683 697
1717 3308 21
338 1518 22
1066 962 146
2492 3582 824
204 439 13
3858 2838 370
4312 2900 485
3224 2925 811
2378 972 478
963 3176 513
13 1245 821
1034 1583 340
4408 4001 654
2555 1493 588
2379 3049 28
1392 1908 218
3114 2572 118
600 796 43
2763 3174 367
1593 490 895
1106 503 140
3927 2889 75
4619 2298 76
1274 4853 570
4214 3584 619
2594 4977 527
3812 4443 100
2930 43 248
1325 4158 775
692 751 265
4587 1857 120
1079 785 9
4154 1756 307
1231 3030 512
1153 2245 97
2772 1191 426
2652 4 869
3752 2934 265
3352 4260 423
1127 1304 175
744 892 32
864 3323 169
226 2478 926
533 3709 308
3398 4862 905
3495 3986 97
4921 1638 101
2142 1742 387
4407 95 999
831 2574 304
4358 3319 548
3390 535 871
912 761 701
3838 2647 410
2498 1045 624
3404 892 611
501 2165 601
3954 4307 344
1693 3715 791
3693 898 717
3349 256 36
249 4998 924
472 910 37
3174 1100 36
4584 3599 433
3561 3355 325
172 3856 490
1125 4162 150
2469 855 217
1612 900 115
3330 4249 723
4718 850 721
1642 1323 984
2032 4497 84
68 433 35
502 3994 390
3179 518 598
3022 1644 112
2172 465 968
1389 2078 220
2856 1760 822
4579 1478 672
1300 4473 995
284 2857 844
1721 2925 278
1756 4779 272
1499 2959 143
1449 981 139
562 3153 604
1882 894 34
4102 3750 146
1924 3329 625
597 981 450
1944 1266 307
2789 4339 584
4067 2447 364
691 298 323
4186 1748 656
4325 2310 161
4930 544 55
316 4646 157
2463 2923 486
2440 4872 819
3242 1816 437
549 957 776
2133 24 224
4849 2068 874
4172 1254 622
2180 580 284
3341 1862 828
1748 3530 475
3905 2345 750
743 4785 622
3563 4379 438
4000 4928 396
129 3414 772
3705 3263 840
2579 3788 447
3202 968 379
2486 662 241
2315 2410 123
3142 1316 469
1892 3411 606
514 1974 986
2304 2327 266
52 2456 680
2825 1161 296
4017 3740 84
1464 1942 404
2195 781 66
3436 4448 477
912 2590 145
4381 834 556
339 2700 883
4325 4 210
944 57 666
4624 2882 827
4272 3251 567
2708 1068 862
2113 3263 643
3531 3052 91
2360 3964 33
2505 4697 867
2414 36 567
4297 714 923
3507 1658 980
173 2634 214
4352 1907 466
919 4615 886
781 3080 149
2776 1612 201
4219 324 165
3252 2830 862
4471 1596 251
3390 893 965
2314 752 623
2646 2277 257
861 1629 516
3679 2548 484
2565 4682 564
4714 3810 528
1268 3030 853
1785 2634 35
2000 2106 983
2251 1848 876
3216 4162 980
2191 1809 257
3800 4022 886
2317 2701 434
1801 1618 468
717 1332 279
2598 3952 661
4803 738 295
4838 2738 401
2821 1341 602
3049 4557 764
4029 1748 925
2286 1900 947
2172 4217 0
958 2370 618
779 3088 303
3058 686 607
4719 489 345
366 1679 435
3120 852 776
2722 3901 685
2838 4282 433
4764 2920 686
2063 1444 903
3416 2402 274
34 3181 714
689 2591 752
297 3662 593
1994 4029 624
1430 2149 476
3558 4871 729
244 2709 11
29 3825 283
1715 889 727
2619 657 129
2245 2043 663
1311 2733 606
1063 4382 269
4008 2728 650
3632 4158 151
4108 2717 374
1189 4313 435
2552 4342 261
1835 1058 502
2562 29 159
2043 2274 202
1058 3585 287
2665 1000 21
4286 8 750
1288 3640 908
439 4100 977
813 289 290
1600 4193 985
4861 1028 43
1715 4942 72
4226 3337 346
2429 4396 283
1068 3413 283
4090 4051 291
4840 339 283
1100 2130 383
1430 4295 24
1072 895 217
57 2109 597
100 3824 891
1524 3051 228
222 1832 976
2505 2900 741
2140 3342 792
1783 4534 483
66 635 613
3801 3417 260
4177 4489 156
2394 4547 265
4343 999 441
2586 2524 492
4167 2746 676
1495 1604 929
2237 96 271
2029 1880 158
4865 1946 793
4830 2100 210
4091 1277 51
599 24 598
4216 719 950
1657 3306 474
3502 2473 572
2178 3968 528
1459 2557 625
4083 939 505
1241 804 803
386 634 255
2948 1077 533
4999 1676 557
1598 892 276
548 2550 934
3374 2404 759
298 934 80
3827 2394 637
2452 2829 576
4309 4070 380
4464 4456 367
1720 3756 444
253 3755 473
3810 353 365
4438 2253 267
4725 1979 23
2484 2278 958
564 1105 704
2554 4909 533
4130 4218 603
2863 3682 411
3582 402 167
378 655 274
3851 817 980
3217 1608 233
2836 1333 213
4860 169 843
2818 734 948
874 3288 857
407 3770 427
362 1633 109
1125 1567 864
644 1946 871
3918 797 41
3898 366 649
2484 3203 334
1697 4415 503
892 3585 589
4840 4459 229
49 4866 0
4476 1580 985
2585 2705 553
2449 3349 499
4321 2267 296
3362 2518 15
363 2 218
49 3051 985
4904 3943 570
494 3783 381
723 3832 599
1075 3308 179
3061 2245 884
1614 1047 585
3465 368 204
1113 82 722
4128 1797 724
1698 1846 775
3683 1750 70
605 3596 205
1986 4320 37
4585 1747 697
3764 4808 295
2000 2774 342
3585 1239 62
3790 2353 144
2864 2833 293
589 4532 491
2716 3215 593
139 173 190
1344 2159 862
2734 1745 609
2431 1861 770
2078 3862 544
1420 3799 136
2482 3941 841
4978 1806 674
623 2395 206
3114 1463 774
3708 1602 947
4250 4299 458
464 2033 555
2073 816 417
1195 2895 279
1740 4315 430
4876 3150 372
3069 3128 178
2743 3752 925
3302 1866 740
3428 1926 695
3727 2528 994
1185 2992 27
1741 1418 195
510 2613 90
3141 705 758
4571 1933 908
4943 2 36
3473 4098 140
4398 2400 359
4491 2180 637
1186 2259 166
2180 3444 510
1559 1537 928
1754 3399 894
1197 1540 599
4955 1112 885
1863 2407 239
3251 2233 337
4744 1631 89
3103 1122 269
4740 3660 528
258 840 325
3769 3751 214
49 1858 614
3943 3055 154
4895 4362 618
4132 2577 378
3371 2180 611
1709 1924 594
3798 1379 69
4420 1120 729
948 2730 922
3625 1499 673
2840 1549 883
454 1844 290
960 3091 4
3931 2223 581
4309 595 762
3272 3656 38
3866 2454 418
1935 1874 890
3665 4175 620
3939 2800 120
2964 640 21
3848 2446 217
4138 4759 309
143 42 532
76 4351 479
2190 3975 135
1229 2841 590
2999 1129 816
889 1146 991
1509 85 144
4981 3049 136
2 1897 583
3220 2388 694
881 3883 736
4413 311 439
1245 2502 414
380 83 607
3322 3082 736
4491 3971 882
4834 1832 319
2978 1814 369
3115 1816 618
2050 1388 358
744 2269 593
4480 3035 905
3919 632 759
3685 2364 842
1292 687 276
1381 1530 599
1263 1364 431
2583 4343 245
3304 2458 414
922 4508 802
2281 1604 424
3874 1084 811
2131 1355 443
2890 1392 807
84 2684 846
360 4065 376
959 1681 741
3391 616 436
3988 3920 246
1402 1194 754
1557 3475 358
333 3702 794
2144 833 501
939 76 893
2098 160 929
297 1873 347
25 2832 380
4766 2575 996
1554 2916 268
800 4318 462
906 875 938
2616 2560 992
410 1056 825
2263 1995 901
508 446 414
2790 2095 287
4137 2120 471
3517 3239 399
4865 4793 315
133 594 633
1595 1500 861
2885 4117 421
2877 879 830
55 3143 177
2308 3 623
4722 2793 718
361 3282 839
3833 3151 78
1232 3016 223
1547 4501 817
2532 1097 670
745 334 787
1519 4564 666
3349 971 161
3526 3279 517
4150 4354 310
3220 1067 593
4411 4900 744
3841 2484 113
3065 383 614
4234 4268 63
1904 13 750
3691 1532 314
2710 1233 285
1223 4760 916
4740 262 622
1051 4834 690
1996 4246 942
1092 4439 779
3205 2504 162
1172 3091 782
235 4995 148
2337 39 32
2651 2749 266
288 3972 26
45 10 20
10 78 438
1205 65 288
2827 1116 122
517 4464 720
812 556 160
3591 114 16
3105 2638 107
1888 4225 455
3388 1563 494
1420 4214 243
686 4503 567
4712 2060 632
352 4887 100
827 1757 916
547 3921 473
1059 2512 939
4076 1969 577
1535 3857 802
3990 2245 365
1484 18 932
3079 704 787
4999 1769 847
1983 2121 86
1436 2948 195
352 3496 116
1177 4555 980
2116 4983 950
2045 2871 159
1200 1861 757
1917 4698 775
1849 4129 479
3988 480 248
1835 2464 722
2274 3900 670
4469 604 518
1938 1782 426
1918 250 409
3868 2296 280
87 71 40