491 616 284
982 442 350
766 92 460
887 402 161
735 812 111
86 913 39
81 132 710
346 548 116
67 882 463
80 463 239
230 306 856
866 640 650
217 407 742
29 294 144
190 381 956
653 467 222
693 901 354
755 247 254
871 314 489
687 747 304
926 977 611
134 844 603
784 413 362
878 442 656
22 985 389
331 638 209
553 683 110
259 790 709
865 14 23
354 701 122
659 979 100
622 114 296
225 250 709
588 129 503
596 503 488
338 186 479
547 91 514
9 702 305
718 568 319
93 922 372
216 581 351
668 203 817
964 781 420
25 369 901
528 317 404
369 655 943
200 554 386
714 563 89
371 633 657
42 727 931
414 295 513
118 963 68
935 279 201
707 304 922
608 184 240
13 553 895
308 753 450
694 820 365
135 191 999
792 234 78
76 0 725
589 118 688
9 406 319
563 113 623
485 722 807
725 87 713
973 747 818
775 793 638
492 929 830
491 73 416
921 149 416
646 90 887
686 452 293
5 15 758
980 500 480
140 578 919
205 903 666
23 30 460
662 522 389
492 366 814
260 639 964
28 286 54
915 324 858
560 682 873
319 14 726
151 154 656
71 359 911
89 383 941
549 45 815
290 889 533
457 501 525
421 529 163
827 445 487
686 357 169
559 676 184
637 180 690
293 251 402
204 692 785
497 594 182
665 884 423
198 341 276
723 114 805
886 942 602
726 980 960
247 891 988
783 529 168
474 174 771
876 379 464
13 228 58
547 893 294
322 444 988
598 519 454
755 758 748
358 484 728
318 83 620
658 867 501
827 693 675
598 921 54
414 934 635
824 833 528
471 507 972
811 105 492
265 860 250
14 570 86
94 240 169
714 899 388
215 726 81
891 676 2
297 443 288
932 267 121
813 90 628
785 901 85
629 167 298
231 533 220
669 627 461
839 342 360
227 909 438
309 152 466
663 802 909
952 86 529
73 899 619
54 37 521
491 666 688
141 898 573
362 919 200
823 758 894
535 338 156
973 999 308
439 662 462
701 614 549
230 40 448
201 446 485
722 937 504
762 79 754
335 441 673
888 616 432
782 151 122
938 124 121
599 915 135
61 968 750
962 550 142
411 752 588
248 474 525
752 589 956
506 276 749
180 164 365
964 299 516
86 589 992
559 188 260
694 602 228
796 564 131
938 327 883
526 928 709
404 680 650
360 187 927
110 719 91
475 683 742
344 121 332
688 680 872
948 726 826
529 523 743
660 461 70
895 988 998
956 392 31
607 104 570
534 214 289
977 42 324
720 738 445
404 426 477
276 375 203
103 256 726
846 268 540
268 163 528
619 119 272
650 78 728
220 612 295
861 942 689
185 14 427
630 418 853
459 46 580
662 149 836
741 347 104
281 968 619
161 587 739
785 237 817
513 809 782
160 670 76
849 855 90
276 837 860
482 296 906
62 310 408
899 51 755
355 684 723
975 845 662
66 982 899
883 496 708
17 656 730
80 50 90