24 55 7
85 36 74
93 32 41
65 0 54
39 54 49
93 82 64
54 94 54
71 83 23
40 43 34
31 65 74
9 41 71
68 79 37
12 72 71
65 37 41
89 76 67
31 21 72
5 75 66
79 46 31
3 38 26
59 69 51
44 30 55
87 98 76
15 63 28
26 28 38
90 18 76
59 49 28
11 6 25
57 86 72
91 41 2
67 0 74
61 96 16
96 84 55
14 51 8
52 77 58
80 19 66
89 31 57
67 42 44
72 52 42
76 43 75
71 10 35
87 71 64
33 19 38
78 33 9
38 38 48
27 70 70
85 59 51
45 78 25
11 3 7
15 31 42
60 2 53
57 89 66
51 75 48
29 5 73
10 44 81
69 23 34
51 60 83
12 5 54
19 16 47
27 31 58
29 91 53
94 49 14
83 52 49
91 34 85
36 44 1
20 65 36
74 16 76
39 80 52
83 0 58
30 79 62
61 60 33
94 7 74
68 90 17
70 33 3
77 21 27
28 41 63
54 15 51
40 55 44
84 90 66
93 21 35
37 82 7
20 28 74
57 96 46
46 18 61
69 95 13
36 23 34
21 29 32
75 22 89
9 6 79
95 51 12
12 88 74
89 61 62
26 70 81
52 16 89
16 85 7
49 73 0
75 47 82
17 74 44
18 35 42
58 30 84
70 94 64